  2.000000000000000E-003  2.000000000000000E-003 -0.118138649350788     
  2.000000000000000E-003  0.302332916666667      -0.122827832933344     
  2.000000000000000E-003  0.602665833333333      -0.126609022719473     
  2.000000000000000E-003  0.902998750000000      -0.130220853808486     
  2.000000000000000E-003   1.20333166666667      -0.133834056230688     
  2.000000000000000E-003   1.50366458333333      -0.137746797047305     
  2.000000000000000E-003   1.80399750000000      -0.142217170826408     
  2.000000000000000E-003   2.10433041666667      -0.147493514586725     
  2.000000000000000E-003   2.40466333333333      -0.153929359472566     
  2.000000000000000E-003   2.70499625000000      -0.161257680758114     
  2.000000000000000E-003   3.00532916666667      -0.167891168582451     
  2.000000000000000E-003   3.30566208333333      -0.170487145801044     
  2.000000000000000E-003   3.60599500000000      -0.169937432333345     
  2.000000000000000E-003   3.90632791666667      -0.170041068254272     
  2.000000000000000E-003   4.20666083333333      -0.167002365083293     
  2.000000000000000E-003   4.50699375000000      -0.159792421914996     
  2.000000000000000E-003   4.80732666666667      -0.151944916702425     
  2.000000000000000E-003   5.10765958333333      -0.145101737979727     
  2.000000000000000E-003   5.40799250000000      -0.139543149300975     
  2.000000000000000E-003   5.70832541666667      -0.134939223515165     
  2.000000000000000E-003   6.00865833333333      -0.131052396172612     
  2.000000000000000E-003   6.30899125000000      -0.127613266966586     
  2.000000000000000E-003   6.60932416666667      -0.124273691681632     
  2.000000000000000E-003   6.90965708333333      -0.120727714535124     
  2.000000000000000E-003   7.20999000000000      -0.116208043106124     
  0.302332916666667       2.000000000000000E-003 -0.122824840410338     
  0.302332916666667       0.302332916666667      -0.125567611213584     
  0.302332916666667       0.602665833333333      -0.132273809551784     
  0.302332916666667       0.902998750000000      -0.139197922048538     
  0.302332916666667        1.20333166666667      -0.144838888266361     
  0.302332916666667        1.50366458333333      -0.150091494731865     
  0.302332916666667        1.80399750000000      -0.155567090813515     
  0.302332916666667        2.10433041666667      -0.161547025933047     
  0.302332916666667        2.40466333333333      -0.168059127004493     
  0.302332916666667        2.70499625000000      -0.174316632775731     
  0.302332916666667        3.00532916666667      -0.178339524829682     
  0.302332916666667        3.30566208333333      -0.177980230327187     
  0.302332916666667        3.60599500000000      -0.176167710159961     
  0.302332916666667        3.90632791666667      -0.177506748502885     
  0.302332916666667        4.20666083333333      -0.177217977297509     
  0.302332916666667        4.50699375000000      -0.172498082016529     
  0.302332916666667        4.80732666666667      -0.165670779564583     
  0.302332916666667        5.10765958333333      -0.158711900485000     
  0.302332916666667        5.40799250000000      -0.152412907048950     
  0.302332916666667        5.70832541666667      -0.146792654858590     
  0.302332916666667        6.00865833333333      -0.141588548409668     
  0.302332916666667        6.30899125000000      -0.136219814083212     
  0.302332916666667        6.60932416666667      -0.129807348501177     
  0.302332916666667        6.90965708333333      -0.123610342915655     
  0.302332916666667        7.20999000000000      -0.120878204037445     
  0.602665833333333       2.000000000000000E-003 -0.126604775093434     
  0.602665833333333       0.302332916666667      -0.132271306333019     
  0.602665833333333       0.602665833333333      -0.140069514311254     
  0.602665833333333       0.902998750000000      -0.148593722707699     
  0.602665833333333        1.20333166666667      -0.156133810511288     
  0.602665833333333        1.50366458333333      -0.163070586037993     
  0.602665833333333        1.80399750000000      -0.169933572520512     
  0.602665833333333        2.10433041666667      -0.176954476895707     
  0.602665833333333        2.40466333333333      -0.183941142377327     
  0.602665833333333        2.70499625000000      -0.189831575805115     
  0.602665833333333        3.00532916666667      -0.192664633713784     
  0.602665833333333        3.30566208333333      -0.191495064940828     
  0.602665833333333        3.60599500000000      -0.189679669669023     
  0.602665833333333        3.90632791666667      -0.190754756782631     
  0.602665833333333        4.20666083333333      -0.191129461302526     
  0.602665833333333        4.50699375000000      -0.187563045405197     
  0.602665833333333        4.80732666666667      -0.181112162599952     
  0.602665833333333        5.10765958333333      -0.173655201851002     
  0.602665833333333        5.40799250000000      -0.166293612083901     
  0.602665833333333        5.70832541666667      -0.159280229545445     
  0.602665833333333        6.00865833333333      -0.152412617793383     
  0.602665833333333        6.30899125000000      -0.145193811474816     
  0.602665833333333        6.60932416666667      -0.137241342805195     
  0.602665833333333        6.90965708333333      -0.130029828160215     
  0.602665833333333        7.20999000000000      -0.124636171097041     
  0.902998750000000       2.000000000000000E-003 -0.130218267684503     
  0.902998750000000       0.302332916666667      -0.139195857928207     
  0.902998750000000       0.602665833333333      -0.148592776223767     
  0.902998750000000       0.902998750000000      -0.158310228714787     
  0.902998750000000        1.20333166666667      -0.167643359039715     
  0.902998750000000        1.50366458333333      -0.176569717126413     
  0.902998750000000        1.80399750000000      -0.185324306739452     
  0.902998750000000        2.10433041666667      -0.194038299301751     
  0.902998750000000        2.40466333333333      -0.202511560457300     
  0.902998750000000        2.70499625000000      -0.209759764041441     
  0.902998750000000        3.00532916666667      -0.214352225012517     
  0.902998750000000        3.30566208333333      -0.215707272530331     
  0.902998750000000        3.60599500000000      -0.215381019855324     
  0.902998750000000        3.90632791666667      -0.214729042736369     
  0.902998750000000        4.20666083333333      -0.212460102748434     
  0.902998750000000        4.50699375000000      -0.207110813453123     
  0.902998750000000        4.80732666666667      -0.199279875821864     
  0.902998750000000        5.10765958333333      -0.190341688050613     
  0.902998750000000        5.40799250000000      -0.181268247946457     
  0.902998750000000        5.70832541666667      -0.172365551573907     
  0.902998750000000        6.00865833333333      -0.163525489492689     
  0.902998750000000        6.30899125000000      -0.154525500445649     
  0.902998750000000        6.60932416666667      -0.145359904033372     
  0.902998750000000        6.90965708333333      -0.136600599154491     
  0.902998750000000        7.20999000000000      -0.128215914539113     
   1.20333166666667       2.000000000000000E-003 -0.133832465254056     
   1.20333166666667       0.302332916666667      -0.144837206445027     
   1.20333166666667       0.602665833333333      -0.156132358249512     
   1.20333166666667       0.902998750000000      -0.167642479758724     
   1.20333166666667        1.20333166666667      -0.179090361132426     
   1.20333166666667        1.50366458333333      -0.190377291516863     
   1.20333166666667        1.80399750000000      -0.201536026759252     
   1.20333166666667        2.10433041666667      -0.212695061973413     
   1.20333166666667        2.40466333333333      -0.223542446386368     
   1.20333166666667        2.70499625000000      -0.233074161486780     
   1.20333166666667        3.00532916666667      -0.240235985785273     
   1.20333166666667        3.30566208333333      -0.244277986516213     
   1.20333166666667        3.60599500000000      -0.245176857436603     
   1.20333166666667        3.90632791666667      -0.243185907198557     
   1.20333166666667        4.20666083333333      -0.238154814928365     
   1.20333166666667        4.50699375000000      -0.230170118317139     
   1.20333166666667        4.80732666666667      -0.220006861681480     
   1.20333166666667        5.10765958333333      -0.208704724267154     
   1.20333166666667        5.40799250000000      -0.197209089386887     
   1.20333166666667        5.70832541666667      -0.185902535200918     
   1.20333166666667        6.00865833333333      -0.174717019577736     
   1.20333166666667        6.30899125000000      -0.163614795694232     
   1.20333166666667        6.60932416666667      -0.152664962037562     
   1.20333166666667        6.90965708333333      -0.142065696901253     
   1.20333166666667        7.20999000000000      -0.131805822674633     
   1.50366458333333       2.000000000000000E-003 -0.137745210023648     
   1.50366458333333       0.302332916666667      -0.150089461206532     
   1.50366458333333       0.602665833333333      -0.163068394567119     
   1.50366458333333       0.902998750000000      -0.176567896360622     
   1.50366458333333        1.20333166666667      -0.190376327607348     
   1.50366458333333        1.50366458333333      -0.204302831712555     
   1.50366458333333        1.80399750000000      -0.218329488187694     
   1.50366458333333        2.10433041666667      -0.232504969029335     
   1.50366458333333        2.40466333333333      -0.246145086653241     
   1.50366458333333        2.70499625000000      -0.258264980377302     
   1.50366458333333        3.00532916666667      -0.267763440783445     
   1.50366458333333        3.30566208333333      -0.273645948327781     
   1.50366458333333        3.60599500000000      -0.275288694354090     
   1.50366458333333        3.90632791666667      -0.272524916172845     
   1.50366458333333        4.20666083333333      -0.265610043194049     
   1.50366458333333        4.50699375000000      -0.255238790745151     
   1.50366458333333        4.80732666666667      -0.242449037820689     
   1.50366458333333        5.10765958333333      -0.228350024882684     
   1.50366458333333        5.40799250000000      -0.213895258683736     
   1.50366458333333        5.70832541666667      -0.199735080713235     
   1.50366458333333        6.00865833333333      -0.185911483044066     
   1.50366458333333        6.30899125000000      -0.172459150229552     
   1.50366458333333        6.60932416666667      -0.159531866323260     
   1.50366458333333        6.90965708333333      -0.147274661387265     
   1.50366458333333        7.20999000000000      -0.135719414952523     
   1.80399750000000       2.000000000000000E-003 -0.142214982732422     
   1.80399750000000       0.302332916666667      -0.155564232801170     
   1.80399750000000       0.602665833333333      -0.169930495040300     
   1.80399750000000       0.902998750000000      -0.185321695411590     
   1.80399750000000        1.20333166666667      -0.201534448671866     
   1.80399750000000        1.50366458333333      -0.218328997561148     
   1.80399750000000        1.80399750000000      -0.235588259646097     
   1.80399750000000        2.10433041666667      -0.252808807672842     
   1.80399750000000        2.40466333333333      -0.269213380794853     
   1.80399750000000        2.70499625000000      -0.283790762758849     
   1.80399750000000        3.00532916666667      -0.295334168556198     
   1.80399750000000        3.30566208333333      -0.302634426541896     
   1.80399750000000        3.60599500000000      -0.304803891693322     
   1.80399750000000        3.90632791666667      -0.301541942652671     
   1.80399750000000        4.20666083333333      -0.293221150606884     
   1.80399750000000        4.50699375000000      -0.280794063704299     
   1.80399750000000        4.80732666666667      -0.265520252134850     
   1.80399750000000        5.10765958333333      -0.248634815009813     
   1.80399750000000        5.40799250000000      -0.231150131183963     
   1.80399750000000        5.70832541666667      -0.213822219800123     
   1.80399750000000        6.00865833333333      -0.197140333005071     
   1.80399750000000        6.30899125000000      -0.181274962970660     
   1.80399750000000        6.60932416666667      -0.166447122633225     
   1.80399750000000        6.90965708333333      -0.152790653012331     
   1.80399750000000        7.20999000000000      -0.140220023563311     
   2.10433041666667       2.000000000000000E-003 -0.147490389041292     
   2.10433041666667       0.302332916666667      -0.161543106193715     
   2.10433041666667       0.602665833333333      -0.176950548194378     
   2.10433041666667       0.902998750000000      -0.194035310973265     
   2.10433041666667        1.20333166666667      -0.212693568650607     
   2.10433041666667        1.50366458333333      -0.232504858379399     
   2.10433041666667        1.80399750000000      -0.252809321268106     
   2.10433041666667        2.10433041666667      -0.272823499716706     
   2.10433041666667        2.40466333333333      -0.291668906886800     
   2.10433041666667        2.70499625000000      -0.308298566882763     
   2.10433041666667        3.00532916666667      -0.321451453143010     
   2.10433041666667        3.30566208333333      -0.329809526057409     
   2.10433041666667        3.60599500000000      -0.332374557517168     
   2.10433041666667        3.90632791666667      -0.328797367919952     
   2.10433041666667        4.20666083333333      -0.319478003302846     
   2.10433041666667        4.50699375000000      -0.305466533907626     
   2.10433041666667        4.80732666666667      -0.288132040918525     
   2.10433041666667        5.10765958333333      -0.268778882283340     
   2.10433041666667        5.40799250000000      -0.248480600914578     
   2.10433041666667        5.70832541666667      -0.228120509730554     
   2.10433041666667        6.00865833333333      -0.208469054653956     
   2.10433041666667        6.30899125000000      -0.190165403449292     
   2.10433041666667        6.60932416666667      -0.173608159977498     
   2.10433041666667        6.90965708333333      -0.158871163348996     
   2.10433041666667        7.20999000000000      -0.145551349240224     
   2.40466333333333       2.000000000000000E-003 -0.153925034271675     
   2.40466333333333       0.302332916666667      -0.168053789235819     
   2.40466333333333       0.602665833333333      -0.183936178635935     
   2.40466333333333       0.902998750000000      -0.202508364983719     
   2.40466333333333        1.20333166666667      -0.223541629826593     
   2.40466333333333        1.50366458333333      -0.246146275659655     
   2.40466333333333        1.80399750000000      -0.269215472874179     
   2.40466333333333        2.10433041666667      -0.291670531461891     
   2.40466333333333        2.40466333333333      -0.312502605696079     
   2.40466333333333        2.70499625000000      -0.330654556746599     
   2.40466333333333        3.00532916666667      -0.344902175873652     
   2.40466333333333        3.30566208333333      -0.353942454791591     
   2.40466333333333        3.60599500000000      -0.356773492554583     
   2.40466333333333        3.90632791666667      -0.353041761232782     
   2.40466333333333        4.20666083333333      -0.343130664493071     
   2.40466333333333        4.50699375000000      -0.328079927278921     
   2.40466333333333        4.80732666666667      -0.309240198582968     
   2.40466333333333        5.10765958333333      -0.287887728037639     
   2.40466333333333        5.40799250000000      -0.265123319993862     
   2.40466333333333        5.70832541666667      -0.241978002839974     
   2.40466333333333        6.00865833333333      -0.219524996768269     
   2.40466333333333        6.30899125000000      -0.198841118829937     
   2.40466333333333        6.60932416666667      -0.180773180939177     
   2.40466333333333        6.90965708333333      -0.165506935571278     
   2.40466333333333        7.20999000000000      -0.152056089208082     
   2.70499625000000       2.000000000000000E-003 -0.161251826145794     
   2.70499625000000       0.302332916666667      -0.174309057952831     
   2.70499625000000       0.602665833333333      -0.189824452611958     
   2.70499625000000       0.902998750000000      -0.209755807865925     
   2.70499625000000        1.20333166666667      -0.233074201527543     
   2.70499625000000        1.50366458333333      -0.258268051461499     
   2.70499625000000        1.80399750000000      -0.283795149105214     
   2.70499625000000        2.10433041666667      -0.308302508537678     
   2.70499625000000        2.40466333333333      -0.330656786127420     
   2.70499625000000        2.70499625000000      -0.349815496751693     
   2.70499625000000        3.00532916666667      -0.364681693925713     
   2.70499625000000        3.30566208333333      -0.374092399192947     
   2.70499625000000        3.60599500000000      -0.377090826787935     
   2.70499625000000        3.90632791666667      -0.373311037481808     
   2.70499625000000        4.20666083333333      -0.363133385964759     
   2.70499625000000        4.50699375000000      -0.347540836031313     
   2.70499625000000        4.80732666666667      -0.327739257167289     
   2.70499625000000        5.10765958333333      -0.304880026513658     
   2.70499625000000        5.40799250000000      -0.280056559324769     
   2.70499625000000        5.70832541666667      -0.254432319579856     
   2.70499625000000        6.00865833333333      -0.229357254864631     
   2.70499625000000        6.30899125000000      -0.206336462491160     
   2.70499625000000        6.60932416666667      -0.186861413518414     
   2.70499625000000        6.90965708333333      -0.171922927287413     
   2.70499625000000        7.20999000000000      -0.159463071574411     
   3.00532916666667       2.000000000000000E-003 -0.167882973038817     
   3.00532916666667       0.302332916666667      -0.178328196700659     
   3.00532916666667       0.602665833333333      -0.192653483810184     
   3.00532916666667       0.902998750000000      -0.214346091528716     
   3.00532916666667        1.20333166666667      -0.240236383962244     
   3.00532916666667        1.50366458333333      -0.267768354188893     
   3.00532916666667        1.80399750000000      -0.295340920805165     
   3.00532916666667        2.10433041666667      -0.321457755669340     
   3.00532916666667        2.40466333333333      -0.344906581508678     
   3.00532916666667        2.70499625000000      -0.364683738859570     
   3.00532916666667        3.00532916666667      -0.379879823634453     
   3.00532916666667        3.30566208333333      -0.389536021803453     
   3.00532916666667        3.60599500000000      -0.392683429339027     
   3.00532916666667        3.90632791666667      -0.388865346733499     
   3.00532916666667        4.20666083333333      -0.378544971359068     
   3.00532916666667        4.50699375000000      -0.362710484987221     
   3.00532916666667        4.80732666666667      -0.342358663946120     
   3.00532916666667        5.10765958333333      -0.318450079636088     
   3.00532916666667        5.40799250000000      -0.292037385547810     
   3.00532916666667        5.70832541666667      -0.264361618556913     
   3.00532916666667        6.00865833333333      -0.236912187662916     
   3.00532916666667        6.30899125000000      -0.211271398203773     
   3.00532916666667        6.60932416666667      -0.190012407972128     
   3.00532916666667        6.90965708333333      -0.176187097881562     
   3.00532916666667        7.20999000000000      -0.166173813400932     
   3.30566208333333       2.000000000000000E-003 -0.170475582513308     
   3.30566208333333       0.302332916666667      -0.177963325953378     
   3.30566208333333       0.602665833333333      -0.191478253512438     
   3.30566208333333       0.902998750000000      -0.215698054852580     
   3.30566208333333        1.20333166666667      -0.244277938495239     
   3.30566208333333        1.50366458333333      -0.273652094409300     
   3.30566208333333        1.80399750000000      -0.302642930621252     
   3.30566208333333        2.10433041666667      -0.329817579720556     
   3.30566208333333        2.40466333333333      -0.353948425194155     
   3.30566208333333        2.70499625000000      -0.374095836921937     
   3.30566208333333        3.00532916666667      -0.389537337334417     
   3.30566208333333        3.30566208333333      -0.399483469717649     
   3.30566208333333        3.60599500000000      -0.402828364518191     
   3.30566208333333        3.90632791666667      -0.398908177262331     
   3.30566208333333        4.20666083333333      -0.388391861513635     
   3.30566208333333        4.50699375000000      -0.372402064841387     
   3.30566208333333        4.80732666666667      -0.351761350986818     
   3.30566208333333        5.10765958333333      -0.327235788263137     
   3.30566208333333        5.40799250000000      -0.299805979228829     
   3.30566208333333        5.70832541666667      -0.270720687295820     
   3.30566208333333        6.00865833333333      -0.241400480799584     
   3.30566208333333        6.30899125000000      -0.213043372922585     
   3.30566208333333        6.60932416666667      -0.189201412877411     
   3.30566208333333        6.90965708333333      -0.176061065399111     
   3.30566208333333        7.20999000000000      -0.168808221818736     
   3.60599500000000       2.000000000000000E-003 -0.169924109760589     
   3.60599500000000       0.302332916666667      -0.176146932868743     
   3.60599500000000       0.602665833333333      -0.189659442557952     
   3.60599500000000       0.902998750000000      -0.215370030329149     
   3.60599500000000        1.20333166666667      -0.245176357689070     
   3.60599500000000        1.50366458333333      -0.275295228737500     
   3.60599500000000        1.80399750000000      -0.304813048146911     
   3.60599500000000        2.10433041666667      -0.332383283191172     
   3.60599500000000        2.40466333333333      -0.356780060319470     
   3.60599500000000        2.70499625000000      -0.377094777273480     
   3.60599500000000        3.00532916666667      -0.392685203200760     
   3.60599500000000        3.30566208333333      -0.402828802639655     
   3.60599500000000        3.60599500000000      -0.406315338388879     
   3.60599500000000        3.90632791666667      -0.402334404857558     
   3.60599500000000        4.20666083333333      -0.391704090042849     
   3.60599500000000        4.50699375000000      -0.375650683840255     
   3.60599500000000        4.80732666666667      -0.354924810308456     
   3.60599500000000        5.10765958333333      -0.330203159103463     
   3.60599500000000        5.40799250000000      -0.302424408246708     
   3.60599500000000        5.70832541666667      -0.272826693993269     
   3.60599500000000        6.00865833333333      -0.242741493854499     
   3.60599500000000        6.30899125000000      -0.213102868183335     
   3.60599500000000        6.60932416666667      -0.187647535032606     
   3.60599500000000        6.90965708333333      -0.174325573647962     
   3.60599500000000        7.20999000000000      -0.168320155432585     
   3.90632791666667       2.000000000000000E-003 -0.170029286297270     
   3.90632791666667       0.302332916666667      -0.177489043995752     
   3.90632791666667       0.602665833333333      -0.190737166247844     
   3.90632791666667       0.902998750000000      -0.214719299683644     
   3.90632791666667        1.20333166666667      -0.243185602749283     
   3.90632791666667        1.50366458333333      -0.272530993313695     
   3.90632791666667        1.80399750000000      -0.301550479643774     
   3.90632791666667        2.10433041666667      -0.328805506205650     
   3.90632791666667        2.40466333333333      -0.353047824728811     
   3.90632791666667        2.70499625000000      -0.373314544806700     
   3.90632791666667        3.00532916666667      -0.388866695566090     
   3.90632791666667        3.30566208333333      -0.398908181443441     
   3.90632791666667        3.60599500000000      -0.402333961275746     
   3.90632791666667        3.90632791666667      -0.398484250239464     
   3.90632791666667        4.20666083333333      -0.388029282775573     
   3.90632791666667        4.50699375000000      -0.372089891552967     
   3.90632791666667        4.80732666666667      -0.351484983439274     
   3.90632791666667        5.10765958333333      -0.326978986911357     
   3.90632791666667        5.40799250000000      -0.299554815875123     
   3.90632791666667        5.70832541666667      -0.270466186687938     
   3.90632791666667        6.00865833333333      -0.241134013861736     
   3.90632791666667        6.30899125000000      -0.212760360511090     
   3.90632791666667        6.60932416666667      -0.188907908470244     
   3.90632791666667        6.90965708333333      -0.175766874744716     
   3.90632791666667        7.20999000000000      -0.168546201815924     
   4.20666083333333       2.000000000000000E-003 -0.166993841268858     
   4.20666083333333       0.302332916666667      -0.177205794590314     
   4.20666083333333       0.602665833333333      -0.191117369327053     
   4.20666083333333       0.902998750000000      -0.212453271394784     
   4.20666083333333        1.20333166666667      -0.238154862990941     
   4.20666083333333        1.50366458333333      -0.265614851383856     
   4.20666083333333        1.80399750000000      -0.293227954480260     
   4.20666083333333        2.10433041666667      -0.319484439799648     
   4.20666083333333        2.40466333333333      -0.343135213469249     
   4.20666083333333        2.70499625000000      -0.363135528491419     
   4.20666083333333        3.00532916666667      -0.378545002549913     
   4.20666083333333        3.30566208333333      -0.388390526542833     
   4.20666083333333        3.60599500000000      -0.391702283941914     
   4.20666083333333        3.90632791666667      -0.388027925540645     
   4.20666083333333        4.20666083333333      -0.377831905918938     
   4.20666083333333        4.50699375000000      -0.362098595944211     
   4.20666083333333        4.80732666666667      -0.341818636435445     
   4.20666083333333        5.10765958333333      -0.317950268918408     
   4.20666083333333        5.40799250000000      -0.291551126903078     
   4.20666083333333        5.70832541666667      -0.263872235759368     
   4.20666083333333        6.00865833333333      -0.236409542332588     
   4.20666083333333        6.30899125000000      -0.210746924061492     
   4.20666083333333        6.60932416666667      -0.189480660022010     
   4.20666083333333        6.90965708333333      -0.175668039295599     
   4.20666083333333        7.20999000000000      -0.165654554915260     
   4.50699375000000       2.000000000000000E-003 -0.159786326436943     
   4.50699375000000       0.302332916666667      -0.172489927218356     
   4.50699375000000       0.602665833333333      -0.187555220542928     
   4.50699375000000       0.902998750000000      -0.207106301038598     
   4.50699375000000        1.20333166666667      -0.230169838988334     
   4.50699375000000        1.50366458333333      -0.255241751391407     
   4.50699375000000        1.80399750000000      -0.280798498330365     
   4.50699375000000        2.10433041666667      -0.305470607814530     
   4.50699375000000        2.40466333333333      -0.328082288238121     
   4.50699375000000        2.70499625000000      -0.347540901990912     
   4.50699375000000        3.00532916666667      -0.362708419212486     
   4.50699375000000        3.30566208333333      -0.372398545136021     
   4.50699375000000        3.60599500000000      -0.375646643596521     
   4.50699375000000        3.90632791666667      -0.372086336971065     
   4.50699375000000        4.20666083333333      -0.362096470088848     
   4.50699375000000        4.50699375000000      -0.346654543145583     
   4.50699375000000        4.80732666666667      -0.326959928417809     
   4.50699375000000        5.10765958333333      -0.304162596126053     
   4.50699375000000        5.40799250000000      -0.279363655849331     
   4.50699375000000        5.70832541666667      -0.253740168637207     
   4.50699375000000        6.00865833333333      -0.228654177288213     
   4.50699375000000        6.30899125000000      -0.205613777010608     
   4.50699375000000        6.60932416666667      -0.186116298116125     
   4.50699375000000        6.90965708333333      -0.171150921921456     
   4.50699375000000        7.20999000000000      -0.158617157612005     
   4.80732666666667       2.000000000000000E-003 -0.151940502957640     
   4.80732666666667       0.302332916666667      -0.165665157400581     
   4.80732666666667       0.602665833333333      -0.181106809295741     
   4.80732666666667       0.902998750000000      -0.199276320230030     
   4.80732666666667        1.20333166666667      -0.220005801443874     
   4.80732666666667        1.50366458333333      -0.242450130659953     
   4.80732666666667        1.80399750000000      -0.265522374551898     
   4.80732666666667        2.10433041666667      -0.288133758057379     
   4.80732666666667        2.40466333333333      -0.309240271736810     
   4.80732666666667        2.70499625000000      -0.327737018923836     
   4.80732666666667        3.00532916666667      -0.342354151530057     
   4.80732666666667        3.30566208333333      -0.351755210378638     
   4.80732666666667        3.60599500000000      -0.354918072595218     
   4.80732666666667        3.90632791666667      -0.351478809254320     
   4.80732666666667        4.20666083333333      -0.341814061988512     
   4.80732666666667        4.50699375000000      -0.326957612076041     
   4.80732666666667        4.80732666666667      -0.308255805774367     
   4.80732666666667        5.10765958333333      -0.286986535613829     
   4.80732666666667        5.40799250000000      -0.264259792030742     
   4.80732666666667        5.70832541666667      -0.241121104479162     
   4.80732666666667        6.00865833333333      -0.218656706583080     
   4.80732666666667        6.30899125000000      -0.197948257608549     
   4.80732666666667        6.60932416666667      -0.179837126983256     
   4.80732666666667        6.90965708333333      -0.164494996426436     
   4.80732666666667        7.20999000000000      -0.150916598403075     
   5.10765958333333       2.000000000000000E-003 -0.145098684043365     
   5.10765958333333       0.302332916666667      -0.158707926748230     
   5.10765958333333       0.602665833333333      -0.173651115497797     
   5.10765958333333       0.902998750000000      -0.190338508830193     
   5.10765958333333        1.20333166666667      -0.208703083706871     
   5.10765958333333        1.50366458333333      -0.228349853802597     
   5.10765958333333        1.80399750000000      -0.248635348506262     
   5.10765958333333        2.10433041666667      -0.268778931599365     
   5.10765958333333        2.40466333333333      -0.287886112451192     
   5.10765958333333        2.70499625000000      -0.304876000467557     
   5.10765958333333        3.00532916666667      -0.318443589837531     
   5.10765958333333        3.30566208333333      -0.327227482516322     
   5.10765958333333        3.60599500000000      -0.330194182620938     
   5.10765958333333        3.90632791666667      -0.326970661439509     
   5.10765958333333        4.20666083333333      -0.317943739999949     
   5.10765958333333        4.50699375000000      -0.304158515249543     
   5.10765958333333        4.80732666666667      -0.286984859746842     
   5.10765958333333        5.10765958333333      -0.267732749717207     
   5.10765958333333        5.40799250000000      -0.247485615130122     
   5.10765958333333        5.70832541666667      -0.227138553483608     
   5.10765958333333        6.00865833333333      -0.207471913843893     
   5.10765958333333        6.30899125000000      -0.189128693789717     
   5.10765958333333        6.60932416666667      -0.172503000553329     
   5.10765958333333        6.90965708333333      -0.157659008608080     
   5.10765958333333        7.20999000000000      -0.144180871172743     
   5.40799250000000       2.000000000000000E-003 -0.139541136951104     
   5.40799250000000       0.302332916666667      -0.152410144001748     
   5.40799250000000       0.602665833333333      -0.166290546596937     
   5.40799250000000       0.902998750000000      -0.181265602969463     
   5.40799250000000        1.20333166666667      -0.197207480866224     
   5.40799250000000        1.50366458333333      -0.213894772689171     
   5.40799250000000        1.80399750000000      -0.231150170360491     
   5.40799250000000        2.10433041666667      -0.248480124566548     
   5.40799250000000        2.40466333333333      -0.265121209780040     
   5.40799250000000        2.70499625000000      -0.280052057975647     
   5.40799250000000        3.00532916666667      -0.292030414206553     
   5.40799250000000        3.30566208333333      -0.299797183339016     
   5.40799250000000        3.60599500000000      -0.302414944496559     
   5.40799250000000        3.90632791666667      -0.299546016908894     
   5.40799250000000        4.20666083333333      -0.291544146757537     
   5.40799250000000        4.50699375000000      -0.279359136549830     
   5.40799250000000        4.80732666666667      -0.264257653727743     
   5.40799250000000        5.10765958333333      -0.247485103474855     
   5.40799250000000        5.40799250000000      -0.230062827647554     
   5.40799250000000        5.70832541666667      -0.212753087464894     
   5.40799250000000        6.00865833333333      -0.196049589788309     
   5.40799250000000        6.30899125000000      -0.180131032899012     
   5.40799250000000        6.60932416666667      -0.165218027110484     
   5.40799250000000        6.90965708333333      -0.151434256811727     
   5.40799250000000        7.20999000000000      -0.138687857062773     
   5.70832541666667       2.000000000000000E-003 -0.134937843828921     
   5.70832541666667       0.302332916666667      -0.146790792349142     
   5.70832541666667       0.602665833333333      -0.159278162129764     
   5.70832541666667       0.902998750000000      -0.172363823414737     
   5.70832541666667        1.20333166666667      -0.185901659229539     
   5.70832541666667        1.50366458333333      -0.199735177092690     
   5.70832541666667        1.80399750000000      -0.213822804640435     
   5.70832541666667        2.10433041666667      -0.228120691079790     
   5.70832541666667        2.40466333333333      -0.241976827199682     
   5.70832541666667        2.70499625000000      -0.254429174861422     
   5.70832541666667        3.00532916666667      -0.264356533017215     
   5.70832541666667        3.30566208333333      -0.270714278986914     
   5.70832541666667        3.60599500000000      -0.272819836901031     
   5.70832541666667        3.90632791666667      -0.270459781563519     
   5.70832541666667        4.20666083333333      -0.263867156778729     
   5.70832541666667        4.50699375000000      -0.253737029618760     
   5.70832541666667        4.80732666666667      -0.241119925024421     
   5.70832541666667        5.10765958333333      -0.227138712219580     
   5.70832541666667        5.40799250000000      -0.212753620719719     
   5.70832541666667        5.70832541666667      -0.198614615607923     
   5.70832541666667        6.00865833333333      -0.184769556933844     
   5.70832541666667        6.30899125000000      -0.171260447112573     
   5.70832541666667        6.60932416666667      -0.158239979424827     
   5.70832541666667        6.90965708333333      -0.145846650787278     
   5.70832541666667        7.20999000000000      -0.134108634084160     
   6.00865833333333       2.000000000000000E-003 -0.131050964044155     
   6.00865833333333       0.302332916666667      -0.141587040089837     
   6.00865833333333       0.602665833333333      -0.152411337596784     
   6.00865833333333       0.902998750000000      -0.163524777619801     
   6.00865833333333        1.20333166666667      -0.174717191503640     
   6.00865833333333        1.50366458333333      -0.185912624992426     
   6.00865833333333        1.80399750000000      -0.197142077552762     
   6.00865833333333        2.10433041666667      -0.208470682777692     
   6.00865833333333        2.40466333333333      -0.219525907226099     
   6.00865833333333        2.70499625000000      -0.229357255866151     
   6.00865833333333        3.00532916666667      -0.236911762877561     
   6.00865833333333        3.30566208333333      -0.241400394124246     
   6.00865833333333        3.60599500000000      -0.242741700386898     
   6.00865833333333        3.90632791666667      -0.241133911524893     
   6.00865833333333        4.20666083333333      -0.236409106516122     
   6.00865833333333        4.50699375000000      -0.228654178893353     
   6.00865833333333        4.80732666666667      -0.218657615987431     
   6.00865833333333        5.10765958333333      -0.207473519499243     
   6.00865833333333        5.40799250000000      -0.196051270481328     
   6.00865833333333        5.70832541666667      -0.184770580624374     
   6.00865833333333        6.00865833333333      -0.173569647447332     
   6.00865833333333        6.30899125000000      -0.162414519944405     
   6.00865833333333        6.60932416666667      -0.151372459534036     
   6.00865833333333        6.90965708333333      -0.140638806980284     
   6.00865833333333        7.20999000000000      -0.130205454058438     
   6.30899125000000       2.000000000000000E-003 -0.127610709152138     
   6.30899125000000       0.302332916666667      -0.136217849236514     
   6.30899125000000       0.602665833333333      -0.145193012192367     
   6.30899125000000       0.902998750000000      -0.154525672082125     
   6.30899125000000        1.20333166666667      -0.163615866195259     
   6.30899125000000        1.50366458333333      -0.172461177226341     
   6.30899125000000        1.80399750000000      -0.181277780667788     
   6.30899125000000        2.10433041666667      -0.190168582273128     
   6.30899125000000        2.40466333333333      -0.198844500315354     
   6.30899125000000        2.70499625000000      -0.206340627616075     
   6.30899125000000        3.00532916666667      -0.211277747981031     
   6.30899125000000        3.30566208333333      -0.213052665450338     
   6.30899125000000        3.60599500000000      -0.213113607410146     
   6.30899125000000        3.90632791666667      -0.212769566954581     
   6.30899125000000        4.20666083333333      -0.210753198239661     
   6.30899125000000        4.50699375000000      -0.205617915274983     
   6.30899125000000        4.80732666666667      -0.197951631113752     
   6.30899125000000        5.10765958333333      -0.189131847174631     
   6.30899125000000        5.40799250000000      -0.180133785941599     
   6.30899125000000        5.70832541666667      -0.171262369696002     
   6.30899125000000        6.00865833333333      -0.162415450522922     
   6.30899125000000        6.30899125000000      -0.153372029376784     
   6.30899125000000        6.60932416666667      -0.144120829202461     
   6.30899125000000        6.90965708333333      -0.135234309721863     
   6.30899125000000        7.20999000000000      -0.126708425828950     
   6.60932416666667       2.000000000000000E-003 -0.124269298456045     
   6.60932416666667       0.302332916666667      -0.129804824824628     
   6.60932416666667       0.602665833333333      -0.137241407577564     
   6.60932416666667       0.902998750000000      -0.145360961632665     
   6.60932416666667        1.20333166666667      -0.152666553369211     
   6.60932416666667        1.50366458333333      -0.159534218875802     
   6.60932416666667        1.80399750000000      -0.166450376766022     
   6.60932416666667        2.10433041666667      -0.173612278764841     
   6.60932416666667        2.40466333333333      -0.180778376295131     
   6.60932416666667        2.70499625000000      -0.186868867449753     
   6.60932416666667        3.00532916666667      -0.190023980190655     
   6.60932416666667        3.30566208333333      -0.189218536934012     
   6.60932416666667        3.60599500000000      -0.187667562289687     
   6.60932416666667        3.90632791666667      -0.188924835005428     
   6.60932416666667        4.20666083333333      -0.189492095442875     
   6.60932416666667        4.50699375000000      -0.186123729204164     
   6.60932416666667        4.80732666666667      -0.179842337754938     
   6.60932416666667        5.10765958333333      -0.172507113177693     
   6.60932416666667        5.40799250000000      -0.165221239816437     
   6.60932416666667        5.70832541666667      -0.158242269800580     
   6.60932416666667        6.00865833333333      -0.151373975034871     
   6.60932416666667        6.30899125000000      -0.144121792783005     
   6.60932416666667        6.60932416666667      -0.136093881872416     
   6.60932416666667        6.90965708333333      -0.128757133235286     
   6.60932416666667        7.20999000000000      -0.123275673326660     
   6.90965708333333       2.000000000000000E-003 -0.120724537980396     
   6.90965708333333       0.302332916666667      -0.123610263993325     
   6.90965708333333       0.602665833333333      -0.130032344075580     
   6.90965708333333       0.902998750000000      -0.136602707891134     
   6.90965708333333        1.20333166666667      -0.142067426896768     
   6.90965708333333        1.50366458333333      -0.147276753395823     
   6.90965708333333        1.80399750000000      -0.152793588594974     
   6.90965708333333        2.10433041666667      -0.158875189044748     
   6.90965708333333        2.40466333333333      -0.165512441082849     
   6.90965708333333        2.70499625000000      -0.171930761629808     
   6.90965708333333        3.00532916666667      -0.176198842135343     
   6.90965708333333        3.30566208333333      -0.176078421374727     
   6.90965708333333        3.60599500000000      -0.174346255184469     
   6.90965708333333        3.90632791666667      -0.175784038453335     
   6.90965708333333        4.20666083333333      -0.175679807384969     
   6.90965708333333        4.50699375000000      -0.171158905644459     
   6.90965708333333        4.80732666666667      -0.164500628626645     
   6.90965708333333        5.10765958333333      -0.157663094772493     
   6.90965708333333        5.40799250000000      -0.151437200338146     
   6.90965708333333        5.70832541666667      -0.145848727763508     
   6.90965708333333        6.00865833333333      -0.140640502698058     
   6.90965708333333        6.30899125000000      -0.135236330780100     
   6.90965708333333        6.60932416666667      -0.128759521436694     
   6.90965708333333        6.90965708333333      -0.122465364454288     
   6.90965708333333        7.20999000000000      -0.119644756954457     
   7.20999000000000       2.000000000000000E-003 -0.116207938215299     
   7.20999000000000       0.302332916666667      -0.120881235800139     
   7.20999000000000       0.602665833333333      -0.124640531778991     
   7.20999000000000       0.902998750000000      -0.128218535471652     
   7.20999000000000        1.20333166666667      -0.131807380678301     
   7.20999000000000        1.50366458333333      -0.135720942356170     
   7.20999000000000        1.80399750000000      -0.140222154454414     
   7.20999000000000        2.10433041666667      -0.145554434982180     
   7.20999000000000        2.40466333333333      -0.152060399529232     
   7.20999000000000        2.70499625000000      -0.159468896028480     
   7.20999000000000        3.00532916666667      -0.166181999364344     
   7.20999000000000        3.30566208333333      -0.168819817944317     
   7.20999000000000        3.60599500000000      -0.168333449574509     
   7.20999000000000        3.90632791666667      -0.168558165500918     
   7.20999000000000        4.20666083333333      -0.165663359916970     
   7.20999000000000        4.50699375000000      -0.158623524437007     
   7.20999000000000        4.80732666666667      -0.150921249522683     
   7.20999000000000        5.10765958333333      -0.144184129634857     
   7.20999000000000        5.40799250000000      -0.138690061491125     
   7.20999000000000        5.70832541666667      -0.134110179385633     
   7.20999000000000        6.00865833333333      -0.130206971622838     
   7.20999000000000        6.30899125000000      -0.126710883385659     
   7.20999000000000        6.60932416666667      -0.123279697829947     
   7.20999000000000        6.90965708333333      -0.119647606342569     
   7.20999000000000        7.20999000000000      -0.115073904484293     
