  2.000000000000000E-003  2.000000000000000E-003 -0.159879121189327     
  2.000000000000000E-003  0.302332916666667      -0.164438345209177     
  2.000000000000000E-003  0.602665833333333      -0.165745230921158     
  2.000000000000000E-003  0.902998750000000      -0.166032237361952     
  2.000000000000000E-003   1.20333166666667      -0.165972501464743     
  2.000000000000000E-003   1.50366458333333      -0.165554421244897     
  2.000000000000000E-003   1.80399750000000      -0.164700349016078     
  2.000000000000000E-003   2.10433041666667      -0.163443397615301     
  2.000000000000000E-003   2.40466333333333      -0.161868089453655     
  2.000000000000000E-003   2.70499625000000      -0.160002589770235     
  2.000000000000000E-003   3.00532916666667      -0.158001038124169     
  2.000000000000000E-003   3.30566208333333      -0.155828543471895     
  2.000000000000000E-003   3.60599500000000      -0.152243699841349     
  2.000000000000000E-003   3.90632791666667      -0.145771333961490     
  2.000000000000000E-003   4.20666083333333      -0.137913026719427     
  2.000000000000000E-003   4.50699375000000      -0.127772332820866     
  2.000000000000000E-003   4.80732666666667      -0.118110810648215     
  2.000000000000000E-003   5.10765958333333      -0.109928958390789     
  2.000000000000000E-003   5.40799250000000      -0.103356655293140     
  2.000000000000000E-003   5.70832541666667      -9.814035298549201E-002
  2.000000000000000E-003   6.00865833333333      -9.395553452716518E-002
  2.000000000000000E-003   6.30899125000000      -9.040123872533493E-002
  2.000000000000000E-003   6.60932416666667      -8.710092190026236E-002
  2.000000000000000E-003   6.90965708333333      -8.421558136737804E-002
  2.000000000000000E-003   7.20999000000000      -8.129450412159341E-002
  0.302332916666667       2.000000000000000E-003 -0.166801247397375     
  0.302332916666667       0.302332916666667      -0.168539043953174     
  0.302332916666667       0.602665833333333      -0.174902226302116     
  0.302332916666667       0.902998750000000      -0.180577146140957     
  0.302332916666667        1.20333166666667      -0.183051985122795     
  0.302332916666667        1.50366458333333      -0.183567371849722     
  0.302332916666667        1.80399750000000      -0.182900158805324     
  0.302332916666667        2.10433041666667      -0.181353556346569     
  0.302332916666667        2.40466333333333      -0.179062907268709     
  0.302332916666667        2.70499625000000      -0.175731620039002     
  0.302332916666667        3.00532916666667      -0.171118983005820     
  0.302332916666667        3.30566208333333      -0.165713737145684     
  0.302332916666667        3.60599500000000      -0.160416713734840     
  0.302332916666667        3.90632791666667      -0.154025205354800     
  0.302332916666667        4.20666083333333      -0.145759480447283     
  0.302332916666667        4.50699375000000      -0.135846373028340     
  0.302332916666667        4.80732666666667      -0.126211130032396     
  0.302332916666667        5.10765958333333      -0.117675323584983     
  0.302332916666667        5.40799250000000      -0.110462031161310     
  0.302332916666667        5.70832541666667      -0.104487873253026     
  0.302332916666667        6.00865833333333      -9.940265247025291E-002
  0.302332916666667        6.30899125000000      -9.474786494241351E-002
  0.302332916666667        6.60932416666667      -9.009903714749250E-002
  0.302332916666667        6.90965708333333      -8.654797709754926E-002
  0.302332916666667        7.20999000000000      -8.439390170019939E-002
  0.602665833333333       2.000000000000000E-003 -0.175172121354727     
  0.602665833333333       0.302332916666667      -0.181164058505809     
  0.602665833333333       0.602665833333333      -0.189367026604148     
  0.602665833333333       0.902998750000000      -0.196945092456006     
  0.602665833333333        1.20333166666667      -0.201327208837361     
  0.602665833333333        1.50366458333333      -0.203056365555438     
  0.602665833333333        1.80399750000000      -0.202893260741666     
  0.602665833333333        2.10433041666667      -0.201301326115601     
  0.602665833333333        2.40466333333333      -0.198542046984517     
  0.602665833333333        2.70499625000000      -0.194317727520679     
  0.602665833333333        3.00532916666667      -0.187989755386930     
  0.602665833333333        3.30566208333333      -0.179953726416967     
  0.602665833333333        3.60599500000000      -0.171564314218303     
  0.602665833333333        3.90632791666667      -0.163275911332838     
  0.602665833333333        4.20666083333333      -0.154115506998463     
  0.602665833333333        4.50699375000000      -0.144131125338304     
  0.602665833333333        4.80732666666667      -0.134489830783226     
  0.602665833333333        5.10765958333333      -0.125561064316480     
  0.602665833333333        5.40799250000000      -0.117727088560540     
  0.602665833333333        5.70832541666667      -0.110972601035234     
  0.602665833333333        6.00865833333333      -0.105002503516623     
  0.602665833333333        6.30899125000000      -9.950762162218936E-002
  0.602665833333333        6.60932416666667      -9.437358759129164E-002
  0.602665833333333        6.90965708333333      -9.012862737092246E-002
  0.602665833333333        7.20999000000000      -8.607436543727409E-002
  0.902998750000000       2.000000000000000E-003 -0.185406398815226     
  0.902998750000000       0.302332916666667      -0.196011453927166     
  0.902998750000000       0.602665833333333      -0.206216163407662     
  0.902998750000000       0.902998750000000      -0.214990807448977     
  0.902998750000000        1.20333166666667      -0.221014553882044     
  0.902998750000000        1.50366458333333      -0.224138180505755     
  0.902998750000000        1.80399750000000      -0.224724045412777     
  0.902998750000000        2.10433041666667      -0.223250606133590     
  0.902998750000000        2.40466333333333      -0.220282585278849     
  0.902998750000000        2.70499625000000      -0.215426470774767     
  0.902998750000000        3.00532916666667      -0.208191029811925     
  0.902998750000000        3.30566208333333      -0.198700145695321     
  0.902998750000000        3.60599500000000      -0.187890133848677     
  0.902998750000000        3.90632791666667      -0.176598701905234     
  0.902998750000000        4.20666083333333      -0.165110518632339     
  0.902998750000000        4.50699375000000      -0.153839784245576     
  0.902998750000000        4.80732666666667      -0.143341015401010     
  0.902998750000000        5.10765958333333      -0.133723437939091     
  0.902998750000000        5.40799250000000      -0.125074628104262     
  0.902998750000000        5.70832541666667      -0.117427690341820     
  0.902998750000000        6.00865833333333      -0.110503629622745     
  0.902998750000000        6.30899125000000      -0.104131582032058     
  0.902998750000000        6.60932416666667      -9.826415152621006E-002
  0.902998750000000        6.90965708333333      -9.282718257923775E-002
  0.902998750000000        7.20999000000000      -8.725899339923321E-002
   1.20333166666667       2.000000000000000E-003 -0.196867542083037     
   1.20333166666667       0.302332916666667      -0.210605676873951     
   1.20333166666667       0.602665833333333      -0.223472701890211     
   1.20333166666667       0.902998750000000      -0.234513183547540     
   1.20333166666667        1.20333166666667      -0.242677320068715     
   1.20333166666667        1.50366458333333      -0.247445340722867     
   1.20333166666667        1.80399750000000      -0.248844928412509     
   1.20333166666667        2.10433041666667      -0.247600257214171     
   1.20333166666667        2.40466333333333      -0.244221577062548     
   1.20333166666667        2.70499625000000      -0.238337359745168     
   1.20333166666667        3.00532916666667      -0.229806154602872     
   1.20333166666667        3.30566208333333      -0.218799609595932     
   1.20333166666667        3.60599500000000      -0.205862072041743     
   1.20333166666667        3.90632791666667      -0.191890663610678     
   1.20333166666667        4.20666083333333      -0.177873864600225     
   1.20333166666667        4.50699375000000      -0.164689338942839     
   1.20333166666667        4.80732666666667      -0.152761076766080     
   1.20333166666667        5.10765958333333      -0.142069709022982     
   1.20333166666667        5.40799250000000      -0.132415752921119     
   1.20333166666667        5.70832541666667      -0.123691643150158     
   1.20333166666667        6.00865833333333      -0.115655469421480     
   1.20333166666667        6.30899125000000      -0.108195159130462     
   1.20333166666667        6.60932416666667      -0.101282763056734     
   1.20333166666667        6.90965708333333      -9.478469931851373E-002
   1.20333166666667        7.20999000000000      -8.841549152650377E-002
   1.50366458333333       2.000000000000000E-003 -0.210893089860163     
   1.50366458333333       0.302332916666667      -0.227324018574959     
   1.50366458333333       0.602665833333333      -0.243079459916273     
   1.50366458333333       0.902998750000000      -0.257034396241902     
   1.50366458333333        1.20333166666667      -0.267811013508908     
   1.50366458333333        1.50366458333333      -0.274349084255353     
   1.50366458333333        1.80399750000000      -0.276527669954473     
   1.50366458333333        2.10433041666667      -0.275145280348660     
   1.50366458333333        2.40466333333333      -0.270460020980649     
   1.50366458333333        2.70499625000000      -0.262718292080489     
   1.50366458333333        3.00532916666667      -0.252168270240767     
   1.50366458333333        3.30566208333333      -0.239081769317894     
   1.50366458333333        3.60599500000000      -0.223955683258913     
   1.50366458333333        3.90632791666667      -0.207668073592248     
   1.50366458333333        4.20666083333333      -0.191371822114683     
   1.50366458333333        4.50699375000000      -0.176121236346560     
   1.50366458333333        4.80732666666667      -0.162485394921058     
   1.50366458333333        5.10765958333333      -0.150442192441993     
   1.50366458333333        5.40799250000000      -0.139620977673160     
   1.50366458333333        5.70832541666667      -0.129682696677168     
   1.50366458333333        6.00865833333333      -0.120430383954250     
   1.50366458333333        6.30899125000000      -0.111800882657370     
   1.50366458333333        6.60932416666667      -0.103849357310553     
   1.50366458333333        6.90965708333333      -9.653367002869032E-002
   1.50366458333333        7.20999000000000      -8.967717445925959E-002
   1.80399750000000       2.000000000000000E-003 -0.229064036297497     
   1.80399750000000       0.302332916666667      -0.248441230947075     
   1.80399750000000       0.602665833333333      -0.267397181627137     
   1.80399750000000       0.902998750000000      -0.284659130612226     
   1.80399750000000        1.20333166666667      -0.298326229853401     
   1.80399750000000        1.50366458333333      -0.306769057062023     
   1.80399750000000        1.80399750000000      -0.309486746159114     
   1.80399750000000        2.10433041666667      -0.306667923157125     
   1.80399750000000        2.40466333333333      -0.299202772402069     
   1.80399750000000        2.70499625000000      -0.288261965097730     
   1.80399750000000        3.00532916666667      -0.274742446908302     
   1.80399750000000        3.30566208333333      -0.259112307472222     
   1.80399750000000        3.60599500000000      -0.241731947084181     
   1.80399750000000        3.90632791666667      -0.223274870334443     
   1.80399750000000        4.20666083333333      -0.204820235669341     
   1.80399750000000        4.50699375000000      -0.187519036875754     
   1.80399750000000        4.80732666666667      -0.172095847807745     
   1.80399750000000        5.10765958333333      -0.158587266093772     
   1.80399750000000        5.40799250000000      -0.146521895895480     
   1.80399750000000        5.70832541666667      -0.135373276763026     
   1.80399750000000        6.00865833333333      -0.124903924955060     
   1.80399750000000        6.30899125000000      -0.115151889837757     
   1.80399750000000        6.60932416666667      -0.106272050781696     
   1.80399750000000        6.90965708333333      -9.830434408557362E-002
   1.80399750000000        7.20999000000000      -9.107258492481569E-002
   2.10433041666667       2.000000000000000E-003 -0.253085594973258     
   2.10433041666667       0.302332916666667      -0.276000838012854     
   2.10433041666667       0.602665833333333      -0.298510456917799     
   2.10433041666667       0.902998750000000      -0.319258569141815     
   2.10433041666667        1.20333166666667      -0.335867935137055     
   2.10433041666667        1.50366458333333      -0.345975689015648     
   2.10433041666667        1.80399750000000      -0.348072223597240     
   2.10433041666667        2.10433041666667      -0.342294031295309     
   2.10433041666667        2.40466333333333      -0.330371844885931     
   2.10433041666667        2.70499625000000      -0.314657867173872     
   2.10433041666667        3.00532916666667      -0.296977051799596     
   2.10433041666667        3.30566208333333      -0.278136510987870     
   2.10433041666667        3.60599500000000      -0.258318495625329     
   2.10433041666667        3.90632791666667      -0.237817065413662     
   2.10433041666667        4.20666083333333      -0.217429665189865     
   2.10433041666667        4.50699375000000      -0.198259350875468     
   2.10433041666667        4.80732666666667      -0.181141517807744     
   2.10433041666667        5.10765958333333      -0.166203592454896     
   2.10433041666667        5.40799250000000      -0.152937581921136     
   2.10433041666667        5.70832541666667      -0.140688735093704     
   2.10433041666667        6.00865833333333      -0.129132017406652     
   2.10433041666667        6.30899125000000      -0.118375208164296     
   2.10433041666667        6.60932416666667      -0.108687868239868     
   2.10433041666667        6.90965708333333      -0.100178431049952     
   2.10433041666667        7.20999000000000      -9.261531936069976E-002
   2.40466333333333       2.000000000000000E-003 -0.285374657873513     
   2.40466333333333       0.302332916666667      -0.312336727944051     
   2.40466333333333       0.602665833333333      -0.338356969092293     
   2.40466333333333       0.902998750000000      -0.361720621631614     
   2.40466333333333        1.20333166666667      -0.380099477587449     
   2.40466333333333        1.50366458333333      -0.390578547976249     
   2.40466333333333        1.80399750000000      -0.390809820649358     
   2.40466333333333        2.10433041666667      -0.380770751219489     
   2.40466333333333        2.40466333333333      -0.362999682563422     
   2.40466333333333        2.70499625000000      -0.341173299664187     
   2.40466333333333        3.00532916666667      -0.318260013970035     
   2.40466333333333        3.30566208333333      -0.295558664215746     
   2.40466333333333        3.60599500000000      -0.273087489129137     
   2.40466333333333        3.90632791666667      -0.250649154416336     
   2.40466333333333        4.20666083333333      -0.228591487869289     
   2.40466333333333        4.50699375000000      -0.207825539633402     
   2.40466333333333        4.80732666666667      -0.189222045442613     
   2.40466333333333        5.10765958333333      -0.172997988503363     
   2.40466333333333        5.40799250000000      -0.158654271910898     
   2.40466333333333        5.70832541666667      -0.145456060362388     
   2.40466333333333        6.00865833333333      -0.133002633004231     
   2.40466333333333        6.30899125000000      -0.121420676902042     
   2.40466333333333        6.60932416666667      -0.111080926106114     
   2.40466333333333        6.90965708333333      -0.102141076425633     
   2.40466333333333        7.20999000000000      -9.432484217981402E-002
   2.70499625000000       2.000000000000000E-003 -0.326719745409377     
   2.70499625000000       0.302332916666667      -0.358195406045672     
   2.70499625000000       0.602665833333333      -0.388305862097694     
   2.70499625000000       0.902998750000000      -0.412381749613146     
   2.70499625000000        1.20333166666667      -0.428496249875654     
   2.70499625000000        1.50366458333333      -0.436951169552412     
   2.70499625000000        1.80399750000000      -0.434056817872501     
   2.70499625000000        2.10433041666667      -0.418987445246262     
   2.70499625000000        2.40466333333333      -0.394741178281098     
   2.70499625000000        2.70499625000000      -0.366216158161769     
   2.70499625000000        3.00532916666667      -0.337578020142229     
   2.70499625000000        3.30566208333333      -0.310726098937531     
   2.70499625000000        3.60599500000000      -0.285554737216079     
   2.70499625000000        3.90632791666667      -0.261326132004607     
   2.70499625000000        4.20666083333333      -0.237865869345258     
   2.70499625000000        4.50699375000000      -0.215811596946342     
   2.70499625000000        4.80732666666667      -0.195994721689448     
   2.70499625000000        5.10765958333333      -0.178695451371951     
   2.70499625000000        5.40799250000000      -0.163446831637589     
   2.70499625000000        5.70832541666667      -0.149469503611401     
   2.70499625000000        6.00865833333333      -0.136299275602994     
   2.70499625000000        6.30899125000000      -0.124061445444004     
   2.70499625000000        6.60932416666667      -0.113198059443940     
   2.70499625000000        6.90965708333333      -0.104016288662909     
   2.70499625000000        7.20999000000000      -9.618548723728934E-002
   3.00532916666667       2.000000000000000E-003 -0.372442811599494     
   3.00532916666667       0.302332916666667      -0.408524555477871     
   3.00532916666667       0.602665833333333      -0.442177670017941     
   3.00532916666667       0.902998750000000      -0.467346374879475     
   3.00532916666667        1.20333166666667      -0.476582782109162     
   3.00532916666667        1.50366458333333      -0.479238631101846     
   3.00532916666667        1.80399750000000      -0.472174543606681     
   3.00532916666667        2.10433041666667      -0.452143822504188     
   3.00532916666667        2.40466333333333      -0.421920027598765     
   3.00532916666667        2.70499625000000      -0.387269382317924     
   3.00532916666667        3.00532916666667      -0.353397874866358     
   3.00532916666667        3.30566208333333      -0.322793758887245     
   3.00532916666667        3.60599500000000      -0.295244739223897     
   3.00532916666667        3.90632791666667      -0.269490078489331     
   3.00532916666667        4.20666083333333      -0.244898674537905     
   3.00532916666667        4.50699375000000      -0.221863466935061     
   3.00532916666667        4.80732666666667      -0.201135546007901     
   3.00532916666667        5.10765958333333      -0.183019231118598     
   3.00532916666667        5.40799250000000      -0.167078872057911     
   3.00532916666667        5.70832541666667      -0.152510063634895     
   3.00532916666667        6.00865833333333      -0.138790340068732     
   3.00532916666667        6.30899125000000      -0.126013213388821     
   3.00532916666667        6.60932416666667      -0.114716040303604     
   3.00532916666667        6.90965708333333      -0.105506438351438     
   3.00532916666667        7.20999000000000      -9.797347887374361E-002
   3.30566208333333       2.000000000000000E-003 -0.406923046347351     
   3.30566208333333       0.302332916666667      -0.449181753047764     
   3.30566208333333       0.602665833333333      -0.486636827728846     
   3.30566208333333       0.902998750000000      -0.511204138557028     
   3.30566208333333        1.20333166666667      -0.515426067971913     
   3.30566208333333        1.50366458333333      -0.509698471666193     
   3.30566208333333        1.80399750000000      -0.498582472240976     
   3.30566208333333        2.10433041666667      -0.474795084054963     
   3.30566208333333        2.40466333333333      -0.440328546843220     
   3.30566208333333        2.70499625000000      -0.401385033419955     
   3.30566208333333        3.00532916666667      -0.363871949196263     
   3.30566208333333        3.30566208333333      -0.330703004771985     
   3.30566208333333        3.60599500000000      -0.301546669491294     
   3.30566208333333        3.90632791666667      -0.274714690848328     
   3.30566208333333        4.20666083333333      -0.249319557864403     
   3.30566208333333        4.50699375000000      -0.225632692686438     
   3.30566208333333        4.80732666666667      -0.204327811523498     
   3.30566208333333        5.10765958333333      -0.185698547083856     
   3.30566208333333        5.40799250000000      -0.169321493863394     
   3.30566208333333        5.70832541666667      -0.154374236270527     
   3.30566208333333        6.00865833333333      -0.140271493428756     
   3.30566208333333        6.30899125000000      -0.127087579119489     
   3.30566208333333        6.60932416666667      -0.115406455154441     
   3.30566208333333        6.90965708333333      -0.106286508831553     
   3.30566208333333        7.20999000000000      -9.905535614896223E-002
   3.60599500000000       2.000000000000000E-003 -0.415274548535997     
   3.60599500000000       0.302332916666667      -0.463992307562190     
   3.60599500000000       0.602665833333333      -0.503992590672186     
   3.60599500000000       0.902998750000000      -0.527961180806458     
   3.60599500000000        1.20333166666667      -0.530268424379314     
   3.60599500000000        1.50366458333333      -0.520630411230319     
   3.60599500000000        1.80399750000000      -0.507752710502628     
   3.60599500000000        2.10433041666667      -0.482567098096398     
   3.60599500000000        2.40466333333333      -0.446593285083015     
   3.60599500000000        2.70499625000000      -0.406142776470048     
   3.60599500000000        3.00532916666667      -0.367366594413099     
   3.60599500000000        3.30566208333333      -0.333332923173603     
   3.60599500000000        3.60599500000000      -0.303644382974174     
   3.60599500000000        3.90632791666667      -0.276426774363717     
   3.60599500000000        4.20666083333333      -0.250736697617173     
   3.60599500000000        4.50699375000000      -0.226825058292370     
   3.60599500000000        4.80732666666667      -0.205329639638835     
   3.60599500000000        5.10765958333333      -0.186531044917843     
   3.60599500000000        5.40799250000000      -0.170006357043952     
   3.60599500000000        5.70832541666667      -0.154926346689423     
   3.60599500000000        6.00865833333333      -0.140677401704503     
   3.60599500000000        6.30899125000000      -0.127327356663744     
   3.60599500000000        6.60932416666667      -0.115465255989222     
   3.60599500000000        6.90965708333333      -0.106534344464383     
   3.60599500000000        7.20999000000000      -9.978459913019491E-002
   3.90632791666667       2.000000000000000E-003 -0.406507776045246     
   3.90632791666667       0.302332916666667      -0.448815313366042     
   3.90632791666667       0.602665833333333      -0.485992200907869     
   3.90632791666667       0.902998750000000      -0.510288800023748     
   3.90632791666667        1.20333166666667      -0.514371970081231     
   3.90632791666667        1.50366458333333      -0.508601240593744     
   3.90632791666667        1.80399750000000      -0.497506036657317     
   3.90632791666667        2.10433041666667      -0.473793997953769     
   3.90632791666667        2.40466333333333      -0.439435675533703     
   3.90632791666667        2.70499625000000      -0.400609601335776     
   3.90632791666667        3.00532916666667      -0.363206259979018     
   3.90632791666667        3.30566208333333      -0.330132251358176     
   3.90632791666667        3.60599500000000      -0.301056729594739     
   3.90632791666667        3.90632791666667      -0.274295107142750     
   3.90632791666667        4.20666083333333      -0.248961321102225     
   3.90632791666667        4.50699375000000      -0.225324935052044     
   3.90632791666667        4.80732666666667      -0.204056152576507     
   3.90632791666667        5.10765958333333      -0.185447061840624     
   3.90632791666667        5.40799250000000      -0.169076719086421     
   3.90632791666667        5.70832541666667      -0.154127863329577     
   3.90632791666667        6.00865833333333      -0.140016759876520     
   3.90632791666667        6.30899125000000      -0.126822818497597     
   3.90632791666667        6.60932416666667      -0.115139035986229     
   3.90632791666667        6.90965708333333      -0.106018665376247     
   3.90632791666667        7.20999000000000      -9.879213562137537E-002
   4.20666083333333       2.000000000000000E-003 -0.371608800653918     
   4.20666083333333       0.302332916666667      -0.407528414184900     
   4.20666083333333       0.602665833333333      -0.440767591835194     
   4.20666083333333       0.902998750000000      -0.465546211643105     
   4.20666083333333        1.20333166666667      -0.474561836786526     
   4.20666083333333        1.50366458333333      -0.477126288031794     
   4.20666083333333        1.80399750000000      -0.470090394970404     
   4.20666083333333        2.10433041666667      -0.450190783616573     
   4.20666083333333        2.40466333333333      -0.420163244155698     
   4.20666083333333        2.70499625000000      -0.385732342262807     
   4.20666083333333        3.00532916666667      -0.352072468236664     
   4.20666083333333        3.30566208333333      -0.321656923204704     
   4.20666083333333        3.60599500000000      -0.294271991675646     
   4.20666083333333        3.90632791666667      -0.268660869953897     
   4.20666083333333        4.20666083333333      -0.244193775480966     
   4.20666083333333        4.50699375000000      -0.221259848524924     
   4.20666083333333        4.80732666666667      -0.200604271514382     
   4.20666083333333        5.10765958333333      -0.182529195327607     
   4.20666083333333        5.40799250000000      -0.166604093944044     
   4.20666083333333        5.70832541666667      -0.152034777415225     
   4.20666083333333        6.00865833333333      -0.138306177867812     
   4.20666083333333        6.30899125000000      -0.125514819633634     
   4.20666083333333        6.60932416666667      -0.114216492340330     
   4.20666083333333        6.90965708333333      -0.105013467259018     
   4.20666083333333        7.20999000000000      -9.745259521100294E-002
   4.50699375000000       2.000000000000000E-003 -0.325307279011122     
   4.50699375000000       0.302332916666667      -0.356478052578615     
   4.50699375000000       0.602665833333333      -0.386145440398977     
   4.50699375000000       0.902998750000000      -0.409820546399705     
   4.50699375000000        1.20333166666667      -0.425657926573578     
   4.50699375000000        1.50366458333333      -0.433974249576463     
   4.50699375000000        1.80399750000000      -0.431096636875871     
   4.50699375000000        2.10433041666667      -0.416182134661845     
   4.50699375000000        2.40466333333333      -0.392186277981561     
   4.50699375000000        2.70499625000000      -0.363956771021540     
   4.50699375000000        3.00532916666667      -0.335617630934076     
   4.50699375000000        3.30566208333333      -0.309044096390438     
   4.50699375000000        3.60599500000000      -0.284122051934876     
   4.50699375000000        3.90632791666667      -0.260112674565309     
   4.50699375000000        4.20666083333333      -0.236840055025222     
   4.50699375000000        4.50699375000000      -0.214936465694597     
   4.50699375000000        4.80732666666667      -0.195227048375941     
   4.50699375000000        5.10765958333333      -0.177990856524022     
   4.50699375000000        5.40799250000000      -0.162768536936361     
   4.50699375000000        5.70832541666667      -0.148794432865206     
   4.50699375000000        6.00865833333333      -0.135616509410225     
   4.50699375000000        6.30899125000000      -0.123363316861369     
   4.50699375000000        6.60932416666667      -0.112479791704968     
   4.50699375000000        6.90965708333333      -0.103263662404370     
   4.50699375000000        7.20999000000000      -9.533992368278575E-002
   4.80732666666667       2.000000000000000E-003 -0.283427359139699     
   4.80732666666667       0.302332916666667      -0.310015237590597     
   4.80732666666667       0.602665833333333      -0.335603785558855     
   4.80732666666667       0.902998750000000      -0.358559813051255     
   4.80732666666667        1.20333166666667      -0.376624637067324     
   4.80732666666667        1.50366458333333      -0.386931930735691     
   4.80732666666667        1.80399750000000      -0.387155282364510     
   4.80732666666667        2.10433041666667      -0.377263160384398     
   4.80732666666667        2.40466333333333      -0.359759406413962     
   4.80732666666667        2.70499625000000      -0.338273153569601     
   4.80732666666667        3.00532916666667      -0.315726823192015     
   4.80732666666667        3.30566208333333      -0.293385085883689     
   4.80732666666667        3.60599500000000      -0.271245370773610     
   4.80732666666667        3.90632791666667      -0.249099336108067     
   4.80732666666667        4.20666083333333      -0.227287896675973     
   4.80732666666667        4.50699375000000      -0.206716209559050     
   4.80732666666667        4.80732666666667      -0.188251040449474     
   4.80732666666667        5.10765958333333      -0.172111083223357     
   4.80732666666667        5.40799250000000      -0.157806490850486     
   4.80732666666667        5.70832541666667      -0.144616705484953     
   4.80732666666667        6.00865833333333      -0.132153667731978     
   4.80732666666667        6.30899125000000      -0.120548284312368     
   4.80732666666667        6.60932416666667      -0.110164423003407     
   4.80732666666667        6.90965708333333      -0.101143115979982     
   4.80732666666667        7.20999000000000      -9.318830180981229E-002
   5.10765958333333       2.000000000000000E-003 -0.250712297273730     
   5.10765958333333       0.302332916666667      -0.273203336271422     
   5.10765958333333       0.602665833333333      -0.295260623462089     
   5.10765958333333       0.902998750000000      -0.315614860430505     
   5.10765958333333        1.20333166666667      -0.331927763976705     
   5.10765958333333        1.50366458333333      -0.341864493135365     
   5.10765958333333        1.80399750000000      -0.343934033311337     
   5.10765958333333        2.10433041666667      -0.338277445803026     
   5.10765958333333        2.40466333333333      -0.326610678650235     
   5.10765958333333        2.70499625000000      -0.311252545468842     
   5.10765958333333        3.00532916666667      -0.293984059517731     
   5.10765958333333        3.30566208333333      -0.275568454026977     
   5.10765958333333        3.60599500000000      -0.256152016157151     
   5.10765958333333        3.90632791666667      -0.236004336408033     
   5.10765958333333        4.20666083333333      -0.215909406079164     
   5.10765958333333        4.50699375000000      -0.196965294188004     
   5.10765958333333        4.80732666666667      -0.180008385454447     
   5.10765958333333        5.10765958333333      -0.165171977666470     
   5.10765958333333        5.40799250000000      -0.151957928022033     
   5.10765958333333        5.70832541666667      -0.139723054364855     
   5.10765958333333        6.00865833333333      -0.128151773640850     
   5.10765958333333        6.30899125000000      -0.117355124906557     
   5.10765958333333        6.60932416666667      -0.107597554346096     
   5.10765958333333        6.90965708333333      -9.897721674776574E-002
   5.10765958333333        7.20999000000000      -9.125005119108125E-002
   5.40799250000000       2.000000000000000E-003 -0.226392373600417     
   5.40799250000000       0.302332916666667      -0.245301440759452     
   5.40799250000000       0.602665833333333      -0.263783316027093     
   5.40799250000000       0.902998750000000      -0.280637458392394     
   5.40799250000000        1.20333166666667      -0.294036451686923     
   5.40799250000000        1.50366458333333      -0.302369646268982     
   5.40799250000000        1.80399750000000      -0.305078324176200     
   5.40799250000000        2.10433041666667      -0.302362973742635     
   5.40799250000000        2.40466333333333      -0.295129101747172     
   5.40799250000000        2.70499625000000      -0.284538135319147     
   5.40799250000000        3.00532916666667      -0.271451831943002     
   5.40799250000000        3.30566208333333      -0.256288004165401     
   5.40799250000000        3.60599500000000      -0.239356544404632     
   5.40799250000000        3.90632791666667      -0.221293141543117     
   5.40799250000000        4.20666083333333      -0.203157653457604     
   5.40799250000000        4.50699375000000      -0.186098384454214     
   5.40799250000000        4.80732666666667      -0.170847282116266     
   5.40799250000000        5.10765958333333      -0.157451464019259     
   5.40799250000000        5.40799250000000      -0.145448609908384     
   5.40799250000000        5.70832541666667      -0.134318260087729     
   5.40799250000000        6.00865833333333      -0.123826970078256     
   5.40799250000000        6.30899125000000      -0.114020641049436     
   5.40799250000000        6.60932416666667      -0.105053808019313     
   5.40799250000000        6.90965708333333      -9.695669750344213E-002
   5.40799250000000        7.20999000000000      -8.954705124129173E-002
   5.70832541666667       2.000000000000000E-003 -0.208074718599088     
   5.70832541666667       0.302332916666667      -0.224019072545883     
   5.70832541666667       0.602665833333333      -0.239293744999557     
   5.70832541666667       0.902998750000000      -0.252846974114594     
   5.70832541666667        1.20333166666667      -0.263360574456622     
   5.70832541666667        1.50366458333333      -0.269806762121993     
   5.70832541666667        1.80399750000000      -0.272043234038174     
   5.70832541666667        2.10433041666667      -0.270778782384980     
   5.70832541666667        2.40466333333333      -0.266305383656643     
   5.70832541666667        2.70499625000000      -0.258893344204850     
   5.70832541666667        3.00532916666667      -0.248771405983767     
   5.70832541666667        3.30566208333333      -0.236161127977178     
   5.70832541666667        3.60599500000000      -0.221499664511326     
   5.70832541666667        3.90632791666667      -0.205617216797164     
   5.70832541666667        4.20666083333333      -0.189643669985507     
   5.70832541666667        4.50699375000000      -0.174633803994643     
   5.70832541666667        4.80732666666667      -0.161169851855866     
   5.70832541666667        5.10765958333333      -0.149243741077843     
   5.70832541666667        5.40799250000000      -0.138491698336416     
   5.70832541666667        5.70832541666667      -0.128574023406871     
   5.70832541666667        6.00865833333333      -0.119299144401823     
   5.70832541666667        6.30899125000000      -0.110610831393246     
   5.70832541666667        6.60932416666667      -0.102563865183826     
   5.70832541666667        6.90965708333333      -9.511136819795012E-002
   5.70832541666667        7.20999000000000      -8.807366240630866E-002
   6.00865833333333       2.000000000000000E-003 -0.194069428050234     
   6.00865833333333       0.302332916666667      -0.207333275623431     
   6.00865833333333       0.602665833333333      -0.219738810541976     
   6.00865833333333       0.902998750000000      -0.230398838341870     
   6.00865833333333        1.20333166666667      -0.238318985949727     
   6.00865833333333        1.50366458333333      -0.242998688912684     
   6.00865833333333        1.80399750000000      -0.244466525430526     
   6.00865833333333        2.10433041666667      -0.243387536145485     
   6.00865833333333        2.40466333333333      -0.240213149409111     
   6.00865833333333        2.70499625000000      -0.234626429805817     
   6.00865833333333        3.00532916666667      -0.226488044722507     
   6.00865833333333        3.30566208333333      -0.215930798947396     
   6.00865833333333        3.60599500000000      -0.203439627997634     
   6.00865833333333        3.90632791666667      -0.189854009242265     
   6.00865833333333        4.20666083333333      -0.176143666543608     
   6.00865833333333        4.50699375000000      -0.163187673592958     
   6.00865833333333        4.80732666666667      -0.151424600638817     
   6.00865833333333        5.10765958333333      -0.140850027041075     
   6.00865833333333        5.40799250000000      -0.131268622888737     
   6.00865833333333        5.70832541666667      -0.122569687644581     
   6.00865833333333        6.00865833333333      -0.114516711989628     
   6.00865833333333        6.30899125000000      -0.107000496935776     
   6.00865833333333        6.60932416666667      -9.999199954525580E-002
   6.00865833333333        6.90965708333333      -9.335898527087767E-002
   6.00865833333333        7.20999000000000      -8.682226112551922E-002
   6.30899125000000       2.000000000000000E-003 -0.182791124389215     
   6.30899125000000       0.302332916666667      -0.193002404662096     
   6.30899125000000       0.602665833333333      -0.202793086681798     
   6.30899125000000       0.902998750000000      -0.211203925091045     
   6.30899125000000        1.20333166666667      -0.216998410699721     
   6.30899125000000        1.50366458333333      -0.220044020361256     
   6.30899125000000        1.80399750000000      -0.220688535971847     
   6.30899125000000        2.10433041666667      -0.219387424059675     
   6.30899125000000        2.40466333333333      -0.216618505556925     
   6.30899125000000        2.70499625000000      -0.212007995167322     
   6.30899125000000        3.00532916666667      -0.205117887282159     
   6.30899125000000        3.30566208333333      -0.196051871050411     
   6.30899125000000        3.60599500000000      -0.185636070193248     
   6.30899125000000        3.90632791666667      -0.174656855923359     
   6.30899125000000        4.20666083333333      -0.163420734584866     
   6.30899125000000        4.50699375000000      -0.152360989801486     
   6.30899125000000        4.80732666666667      -0.142024196801075     
   6.30899125000000        5.10765958333333      -0.132523349352454     
   6.30899125000000        5.40799250000000      -0.123949213150112     
   6.30899125000000        5.70832541666667      -0.116333564304818     
   6.30899125000000        6.00865833333333      -0.109402255414968     
   6.30899125000000        6.30899125000000      -0.102984006076550     
   6.30899125000000        6.60932416666667      -9.702436743333154E-002
   6.30899125000000        6.90965708333333      -9.145602440085375E-002
   6.30899125000000        7.20999000000000      -8.575771087345893E-002
   6.60932416666667       2.000000000000000E-003 -0.172850994273820     
   6.60932416666667       0.302332916666667      -0.178661740612197     
   6.60932416666667       0.602665833333333      -0.186513632749336     
   6.60932416666667       0.902998750000000      -0.193711600013395     
   6.60932416666667        1.20333166666667      -0.197872140873200     
   6.60932416666667        1.50366458333333      -0.199533234442244     
   6.60932416666667        1.80399750000000      -0.199418378055743     
   6.60932416666667        2.10433041666667      -0.197961878766774     
   6.60932416666667        2.40466333333333      -0.195378098700035     
   6.60932416666667        2.70499625000000      -0.191350978301413     
   6.60932416666667        3.00532916666667      -0.185346039641315     
   6.60932416666667        3.30566208333333      -0.177680249034664     
   6.60932416666667        3.60599500000000      -0.169565287256781     
   6.60932416666667        3.90632791666667      -0.161465128708183     
   6.60932416666667        4.20666083333333      -0.152495481959220     
   6.60932416666667        4.50699375000000      -0.142704456511129     
   6.60932416666667        4.80732666666667      -0.133228974974887     
   6.60932416666667        5.10765958333333      -0.124420131657570     
   6.60932416666667        5.40799250000000      -0.116661731680676     
   6.60932416666667        5.70832541666667      -0.109942946132996     
   6.60932416666667        6.00865833333333      -0.103974229827582     
   6.60932416666667        6.30899125000000      -9.844685490514342E-002
   6.60932416666667        6.60932416666667      -9.323153535154544E-002
   6.60932416666667        6.90965708333333      -8.884755188083872E-002
   6.60932416666667        7.20999000000000      -8.471888228834869E-002
   6.90965708333333       2.000000000000000E-003 -0.164706325868967     
   6.90965708333333       0.302332916666667      -0.166543509529029     
   6.90965708333333       0.602665833333333      -0.172636499102973     
   6.90965708333333       0.902998750000000      -0.177980879103483     
   6.90965708333333        1.20333166666667      -0.180291309861983     
   6.90965708333333        1.50366458333333      -0.180763543855285     
   6.90965708333333        1.80399750000000      -0.180132277844578     
   6.90965708333333        2.10433041666667      -0.178681717902626     
   6.90965708333333        2.40466333333333      -0.176512315700741     
   6.90965708333333        2.70499625000000      -0.173339728212225     
   6.90965708333333        3.00532916666667      -0.168972854697825     
   6.90965708333333        3.30566208333333      -0.163810268871221     
   6.90965708333333        3.60599500000000      -0.158602950991563     
   6.90965708333333        3.90632791666667      -0.152317181762720     
   6.90965708333333        4.20666083333333      -0.144233458089535     
   6.90965708333333        4.50699375000000      -0.134514796817621     
   6.90965708333333        4.80732666666667      -0.125045578958565     
   6.90965708333333        5.10765958333333      -0.116629897895105     
   6.90965708333333        5.40799250000000      -0.109490281667777     
   6.90965708333333        5.70832541666667      -0.103550016805366     
   6.90965708333333        6.00865833333333      -9.846432589321397E-002
   6.90965708333333        6.30899125000000      -9.377937211980825E-002
   6.90965708333333        6.60932416666667      -8.907055939574299E-002
   6.90965708333333        6.90965708333333      -8.540976206595301E-002
   6.90965708333333        7.20999000000000      -8.316669149140377E-002
   7.20999000000000       2.000000000000000E-003 -0.157936416322249     
   7.20999000000000       0.302332916666667      -0.162458699855923     
   7.20999000000000       0.602665833333333      -0.163737864798521     
   7.20999000000000       0.902998750000000      -0.164017133806461     
   7.20999000000000        1.20333166666667      -0.163948233379554     
   7.20999000000000        1.50366458333333      -0.163533423885102     
   7.20999000000000        1.80399750000000      -0.162706642808151     
   7.20999000000000        2.10433041666667      -0.161501346373739     
   7.20999000000000        2.40466333333333      -0.159993662497704     
   7.20999000000000        2.70499625000000      -0.158208168906754     
   7.20999000000000        3.00532916666667      -0.156287900684793     
   7.20999000000000        3.30566208333333      -0.154158664856788     
   7.20999000000000        3.60599500000000      -0.150636456751236     
   7.20999000000000        3.90632791666667      -0.144287555931113     
   7.20999000000000        4.20666083333333      -0.136573051154562     
   7.20999000000000        4.50699375000000      -0.126601796615638     
   7.20999000000000        4.80732666666667      -0.117085263650410     
   7.20999000000000        5.10765958333333      -0.109009789579370     
   7.20999000000000        5.40799250000000      -0.102503328255557     
   7.20999000000000        5.70832541666667      -9.731294734557926E-002
   7.20999000000000        6.00865833333333      -9.311369467492450E-002
   7.20999000000000        6.30899125000000      -8.950392096151977E-002
   7.20999000000000        6.60932416666667      -8.611297984364406E-002
   7.20999000000000        6.90965708333333      -8.314391409341226E-002
   7.20999000000000        7.20999000000000      -8.016824539044176E-002
