  2.000000000000000E-003  2.000000000000000E-003 -0.185740107640769     
  2.000000000000000E-003  0.302332916666667      -0.185886278443586     
  2.000000000000000E-003  0.602665833333333      -0.179220125313708     
  2.000000000000000E-003  0.902998750000000      -0.172413438372689     
  2.000000000000000E-003   1.20333166666667      -0.165397343998914     
  2.000000000000000E-003   1.50366458333333      -0.158213025416882     
  2.000000000000000E-003   1.80399750000000      -0.150869985803119     
  2.000000000000000E-003   2.10433041666667      -0.143370859468136     
  2.000000000000000E-003   2.40466333333333      -0.135768627995813     
  2.000000000000000E-003   2.70499625000000      -0.128328029464868     
  2.000000000000000E-003   3.00532916666667      -0.121885948565077     
  2.000000000000000E-003   3.30566208333333      -0.117721564151695     
  2.000000000000000E-003   3.60599500000000      -0.113970056578135     
  2.000000000000000E-003   3.90632791666667      -0.106759925627350     
  2.000000000000000E-003   4.20666083333333      -9.934570011279305E-002
  2.000000000000000E-003   4.50699375000000      -9.115138009209124E-002
  2.000000000000000E-003   4.80732666666667      -8.372388993496319E-002
  2.000000000000000E-003   5.10765958333333      -7.752180211534616E-002
  2.000000000000000E-003   5.40799250000000      -7.262028126460679E-002
  2.000000000000000E-003   5.70832541666667      -6.888869299771290E-002
  2.000000000000000E-003   6.00865833333333      -6.609580592846158E-002
  2.000000000000000E-003   6.30899125000000      -6.392646781639751E-002
  2.000000000000000E-003   6.60932416666667      -6.201326866221811E-002
  2.000000000000000E-003   6.90965708333333      -6.019747983646449E-002
  2.000000000000000E-003   7.20999000000000      -5.828382808095510E-002
  0.302332916666667       2.000000000000000E-003 -0.198217674406513     
  0.302332916666667       0.302332916666667      -0.198283061496717     
  0.302332916666667       0.602665833333333      -0.194599086987199     
  0.302332916666667       0.902998750000000      -0.189722435033726     
  0.302332916666667        1.20333166666667      -0.182713796238142     
  0.302332916666667        1.50366458333333      -0.174642521826867     
  0.302332916666667        1.80399750000000      -0.166098280522386     
  0.302332916666667        2.10433041666667      -0.157207254333417     
  0.302332916666667        2.40466333333333      -0.148142191319674     
  0.302332916666667        2.70499625000000      -0.139202282388373     
  0.302332916666667        3.00532916666667      -0.130949984948247     
  0.302332916666667        3.30566208333333      -0.124484981761242     
  0.302332916666667        3.60599500000000      -0.118879736611580     
  0.302332916666667        3.90632791666667      -0.111207027851177     
  0.302332916666667        4.20666083333333      -0.103140015263764     
  0.302332916666667        4.50699375000000      -9.505836142509712E-002
  0.302332916666667        4.80732666666667      -8.774692405496592E-002
  0.302332916666667        5.10765958333333      -8.142721206434608E-002
  0.302332916666667        5.40799250000000      -7.618691701167990E-002
  0.302332916666667        5.70832541666667      -7.201151182736948E-002
  0.302332916666667        6.00865833333333      -6.863349401323433E-002
  0.302332916666667        6.30899125000000      -6.567748596616314E-002
  0.302332916666667        6.60932416666667      -6.280302342873463E-002
  0.302332916666667        6.90965708333333      -6.101026014551111E-002
  0.302332916666667        7.20999000000000      -6.017369102650277E-002
  0.602665833333333       2.000000000000000E-003 -0.216264838086724     
  0.602665833333333       0.302332916666667      -0.216587366307858     
  0.602665833333333       0.602665833333333      -0.214500585406820     
  0.602665833333333       0.902998750000000      -0.209024960831663     
  0.602665833333333        1.20333166666667      -0.201090562626072     
  0.602665833333333        1.50366458333333      -0.191923954665088     
  0.602665833333333        1.80399750000000      -0.182131313735196     
  0.602665833333333        2.10433041666667      -0.171904941153848     
  0.602665833333333        2.40466333333333      -0.161561993353163     
  0.602665833333333        2.70499625000000      -0.151447370383583     
  0.602665833333333        3.00532916666667      -0.141736850308914     
  0.602665833333333        3.30566208333333      -0.132837453514781     
  0.602665833333333        3.60599500000000      -0.124501015176106     
  0.602665833333333        3.90632791666667      -0.115935551994088     
  0.602665833333333        4.20666083333333      -0.107329867307134     
  0.602665833333333        4.50699375000000      -9.917132247119696E-002
  0.602665833333333        4.80732666666667      -9.191299591507801E-002
  0.602665833333333        5.10765958333333      -8.538980701934792E-002
  0.602665833333333        5.40799250000000      -7.982143728707583E-002
  0.602665833333333        5.70832541666667      -7.518474344811200E-002
  0.602665833333333        6.00865833333333      -7.128052762806476E-002
  0.602665833333333        6.30899125000000      -6.788571463960250E-002
  0.602665833333333        6.60932416666667      -6.498655604679628E-002
  0.602665833333333        6.90965708333333      -6.301200067742899E-002
  0.602665833333333        7.20999000000000      -6.069755619649440E-002
  0.902998750000000       2.000000000000000E-003 -0.241811927766449     
  0.902998750000000       0.302332916666667      -0.241257505907240     
  0.902998750000000       0.602665833333333      -0.237660733228110     
  0.902998750000000       0.902998750000000      -0.230554034591809     
  0.902998750000000        1.20333166666667      -0.220965749396764     
  0.902998750000000        1.50366458333333      -0.210095789205475     
  0.902998750000000        1.80399750000000      -0.198638472233991     
  0.902998750000000        2.10433041666667      -0.186886608226968     
  0.902998750000000        2.40466333333333      -0.175304769656005     
  0.902998750000000        2.70499625000000      -0.163993908988392     
  0.902998750000000        3.00532916666667      -0.152946936914700     
  0.902998750000000        3.30566208333333      -0.142216870869497     
  0.902998750000000        3.60599500000000      -0.131812389558036     
  0.902998750000000        3.90632791666667      -0.121758526292922     
  0.902998750000000        4.20666083333333      -0.112306480608085     
  0.902998750000000        4.50699375000000      -0.103784502981817     
  0.902998750000000        4.80732666666667      -9.618901678758660E-002
  0.902998750000000        5.10765958333333      -8.936406228676563E-002
  0.902998750000000        5.40799250000000      -8.339594212353459E-002
  0.902998750000000        5.70832541666667      -7.827091680879115E-002
  0.902998750000000        6.00865833333333      -7.384640667754044E-002
  0.902998750000000        6.30899125000000      -7.002255969527496E-002
  0.902998750000000        6.60932416666667      -6.675658633491670E-002
  0.902998750000000        6.90965708333333      -6.385095830922413E-002
  0.902998750000000        7.20999000000000      -6.054543488588199E-002
   1.20333166666667       2.000000000000000E-003 -0.276635701281302     
   1.20333166666667       0.302332916666667      -0.274892429202649     
   1.20333166666667       0.602665833333333      -0.268530932351078     
   1.20333166666667       0.902998750000000      -0.258079208159461     
   1.20333166666667        1.20333166666667      -0.244924571150747     
   1.20333166666667        1.50366458333333      -0.230590632295835     
   1.20333166666667        1.80399750000000      -0.216138943579474     
   1.20333166666667        2.10433041666667      -0.202110915758357     
   1.20333166666667        2.40466333333333      -0.188813438510452     
   1.20333166666667        2.70499625000000      -0.176048825772854     
   1.20333166666667        3.00532916666667      -0.163552693826851     
   1.20333166666667        3.30566208333333      -0.151273781717986     
   1.20333166666667        3.60599500000000      -0.139304428928404     
   1.20333166666667        3.90632791666667      -0.127948791976080     
   1.20333166666667        4.20666083333333      -0.117621245998120     
   1.20333166666667        4.50699375000000      -0.108503285369862     
   1.20333166666667        4.80732666666667      -0.100430400734061     
   1.20333166666667        5.10765958333333      -9.320670242172560E-002
   1.20333166666667        5.40799250000000      -8.677184357296171E-002
   1.20333166666667        5.70832541666667      -8.108314542863182E-002
   1.20333166666667        6.00865833333333      -7.604447915313195E-002
   1.20333166666667        6.30899125000000      -7.160377031106731E-002
   1.20333166666667        6.60932416666667      -6.766562869883100E-002
   1.20333166666667        6.90965708333333      -6.398423596667623E-002
   1.20333166666667        7.20999000000000      -6.023234071740272E-002
   1.50366458333333       2.000000000000000E-003 -0.329657000671168     
   1.50366458333333       0.302332916666667      -0.326040500581791     
   1.50366458333333       0.602665833333333      -0.314698607850688     
   1.50366458333333       0.902998750000000      -0.297532770189684     
   1.50366458333333        1.20333166666667      -0.277174244207438     
   1.50366458333333        1.50366458333333      -0.256139898392782     
   1.50366458333333        1.80399750000000      -0.236105678765081     
   1.50366458333333        2.10433041666667      -0.217910245030093     
   1.50366458333333        2.40466333333333      -0.201824902521919     
   1.50366458333333        2.70499625000000      -0.187207145840340     
   1.50366458333333        3.00532916666667      -0.173264891318653     
   1.50366458333333        3.30566208333333      -0.159603330176748     
   1.50366458333333        3.60599500000000      -0.146342014380007     
   1.50366458333333        3.90632791666667      -0.133925761615795     
   1.50366458333333        4.20666083333333      -0.122788610404447     
   1.50366458333333        4.50699375000000      -0.113053395330541     
   1.50366458333333        4.80732666666667      -0.104507881081762     
   1.50366458333333        5.10765958333333      -9.683315190305797E-002
   1.50366458333333        5.40799250000000      -8.983751324147964E-002
   1.50366458333333        5.70832541666667      -8.350105642727329E-002
   1.50366458333333        6.00865833333333      -7.776773877885233E-002
   1.50366458333333        6.30899125000000      -7.262482610308145E-002
   1.50366458333333        6.60932416666667      -6.801443607667305E-002
   1.50366458333333        6.90965708333333      -6.378149076818765E-002
   1.50366458333333        7.20999000000000      -5.977839120267157E-002
   1.80399750000000       2.000000000000000E-003 -0.411958385454872     
   1.80399750000000       0.302332916666667      -0.404896441398643     
   1.80399750000000       0.602665833333333      -0.384621501802946     
   1.80399750000000       0.902998750000000      -0.355345261035498     
   1.80399750000000        1.20333166666667      -0.322315208059401     
   1.80399750000000        1.50366458333333      -0.289622696968083     
   1.80399750000000        1.80399750000000      -0.259867113399700     
   1.80399750000000        2.10433041666667      -0.234837342549115     
   1.80399750000000        2.40466333333333      -0.214405006507120     
   1.80399750000000        2.70499625000000      -0.197229666830258     
   1.80399750000000        3.00532916666667      -0.181764602407788     
   1.80399750000000        3.30566208333333      -0.167016591220972     
   1.80399750000000        3.60599500000000      -0.152802978515020     
   1.80399750000000        3.90632791666667      -0.139514455133967     
   1.80399750000000        4.20666083333333      -0.127627921791306     
   1.80399750000000        4.50699375000000      -0.117300432019955     
   1.80399750000000        4.80732666666667      -0.108283584310117     
   1.80399750000000        5.10765958333333      -0.100145424234710     
   1.80399750000000        5.40799250000000      -9.257036240960591E-002
   1.80399750000000        5.70832541666667      -8.549684473760624E-002
   1.80399750000000        6.00865833333333      -7.901551645879770E-002
   1.80399750000000        6.30899125000000      -7.315730880037197E-002
   1.80399750000000        6.60932416666667      -6.792502141279423E-002
   1.80399750000000        6.90965708333333      -6.324920358190052E-002
   1.80399750000000        7.20999000000000      -5.904559031156989E-002
   2.10433041666667       2.000000000000000E-003 -0.537571733130754     
   2.10433041666667       0.302332916666667      -0.524234210587922     
   2.10433041666667       0.602665833333333      -0.487403274772872     
   2.10433041666667       0.902998750000000      -0.437183919790319     
   2.10433041666667        1.20333166666667      -0.382824630184516     
   2.10433041666667        1.50366458333333      -0.331676755633079     
   2.10433041666667        1.80399750000000      -0.288058206264651     
   2.10433041666667        2.10433041666667      -0.253394282544099     
   2.10433041666667        2.40466333333333      -0.226831725921774     
   2.10433041666667        2.70499625000000      -0.206151589291702     
   2.10433041666667        3.00532916666667      -0.188865848784558     
   2.10433041666667        3.30566208333333      -0.173155809293932     
   2.10433041666667        3.60599500000000      -0.158283448956984     
   2.10433041666667        3.90632791666667      -0.144389182865922     
   2.10433041666667        4.20666083333333      -0.131919337560709     
   2.10433041666667        4.50699375000000      -0.121077387096441     
   2.10433041666667        4.80732666666667      -0.111618311099415     
   2.10433041666667        5.10765958333333      -0.103035134768134     
   2.10433041666667        5.40799250000000      -9.491081286733333E-002
   2.10433041666667        5.70832541666667      -8.713301192824890E-002
   2.10433041666667        6.00865833333333      -7.984154050556803E-002
   2.10433041666667        6.30899125000000      -7.321981880151665E-002
   2.10433041666667        6.60932416666667      -6.734674989779106E-002
   2.10433041666667        6.90965708333333      -6.222566972029132E-002
   2.10433041666667        7.20999000000000      -5.783181145780378E-002
   2.40466333333333       2.000000000000000E-003 -0.728841111921140     
   2.40466333333333       0.302332916666667      -0.702284576702960     
   2.40466333333333       0.602665833333333      -0.632436897573202     
   2.40466333333333       0.902998750000000      -0.544356210680834     
   2.40466333333333        1.20333166666667      -0.457480385140072     
   2.40466333333333        1.50366458333333      -0.381624087503927     
   2.40466333333333        1.80399750000000      -0.320287823280264     
   2.40466333333333        2.10433041666667      -0.273520078370927     
   2.40466333333333        2.40466333333333      -0.239248521637826     
   2.40466333333333        2.70499625000000      -0.214145974166909     
   2.40466333333333        3.00532916666667      -0.194646795416425     
   2.40466333333333        3.30566208333333      -0.177960287168915     
   2.40466333333333        3.60599500000000      -0.162619991305046     
   2.40466333333333        3.90632791666667      -0.148357728428751     
   2.40466333333333        4.20666083333333      -0.135492215673036     
   2.40466333333333        4.50699375000000      -0.124246902200301     
   2.40466333333333        4.80732666666667      -0.114402065573361     
   2.40466333333333        5.10765958333333      -0.105413722123757     
   2.40466333333333        5.40799250000000      -9.678891691147903E-002
   2.40466333333333        5.70832541666667      -8.836169546808330E-002
   2.40466333333333        6.00865833333333      -8.028037548723371E-002
   2.40466333333333        6.30899125000000      -7.279731824017943E-002
   2.40466333333333        6.60932416666667      -6.610662893086654E-002
   2.40466333333333        6.90965708333333      -6.037727572103192E-002
   2.40466333333333        7.20999000000000      -5.580253083498146E-002
   2.70499625000000       2.000000000000000E-003 -0.985347602951371     
   2.70499625000000       0.302332916666667      -0.941230291311406     
   2.70499625000000       0.602665833333333      -0.825695279020649     
   2.70499625000000       0.902998750000000      -0.678941138093525     
   2.70499625000000        1.20333166666667      -0.543910323536404     
   2.70499625000000        1.50366458333333      -0.436376286511452     
   2.70499625000000        1.80399750000000      -0.354314273479375     
   2.70499625000000        2.10433041666667      -0.294018056476290     
   2.70499625000000        2.40466333333333      -0.251235016678674     
   2.70499625000000        2.70499625000000      -0.221221656506556     
   2.70499625000000        3.00532916666667      -0.199259172876733     
   2.70499625000000        3.30566208333333      -0.181545408476323     
   2.70499625000000        3.60599500000000      -0.165826399898793     
   2.70499625000000        3.90632791666667      -0.151353878432739     
   2.70499625000000        4.20666083333333      -0.138251835780186     
   2.70499625000000        4.50699375000000      -0.126722510118975     
   2.70499625000000        4.80732666666667      -0.116568029058583     
   2.70499625000000        5.10765958333333      -0.107231910426526     
   2.70499625000000        5.40799250000000      -9.816802198612244E-002
   2.70499625000000        5.70832541666667      -8.914824345754098E-002
   2.70499625000000        6.00865833333333      -8.027333731708516E-002
   2.70499625000000        6.30899125000000      -7.175794032405367E-002
   2.70499625000000        6.60932416666667      -6.396006221936182E-002
   2.70499625000000        6.90965708333333      -5.757823972220287E-002
   2.70499625000000        7.20999000000000      -5.296072733904188E-002
   3.00532916666667       2.000000000000000E-003  -1.26268350807236     
   3.00532916666667       0.302332916666667       -1.20035349423679     
   3.00532916666667       0.602665833333333       -1.03473997490124     
   3.00532916666667       0.902998750000000      -0.826310941817801     
   3.00532916666667        1.20333166666667      -0.632897552364216     
   3.00532916666667        1.50366458333333      -0.488810842351475     
   3.00532916666667        1.80399750000000      -0.385594313720613     
   3.00532916666667        2.10433041666667      -0.312346162848235     
   3.00532916666667        2.40466333333333      -0.261605061108351     
   3.00532916666667        2.70499625000000      -0.226998767878772     
   3.00532916666667        3.00532916666667      -0.202706110507351     
   3.00532916666667        3.30566208333333      -0.184016413582808     
   3.00532916666667        3.60599500000000      -0.167971733216186     
   3.00532916666667        3.90632791666667      -0.153382037889070     
   3.00532916666667        4.20666083333333      -0.140161990928104     
   3.00532916666667        4.50699375000000      -0.128459401820490     
   3.00532916666667        4.80732666666667      -0.118083553177782     
   3.00532916666667        5.10765958333333      -0.108476853312159     
   3.00532916666667        5.40799250000000      -9.905708363767679E-002
   3.00532916666667        5.70832541666667      -8.952579848476930E-002
   3.00532916666667        6.00865833333333      -7.986672260964768E-002
   3.00532916666667        6.30899125000000      -7.019219066569950E-002
   3.00532916666667        6.60932416666667      -6.127391428935816E-002
   3.00532916666667        6.90965708333333      -5.430858612523361E-002
   3.00532916666667        7.20999000000000      -4.983261262788600E-002
   3.30566208333333       2.000000000000000E-003  -1.46617878097850     
   3.30566208333333       0.302332916666667       -1.39598333183922     
   3.30566208333333       0.602665833333333       -1.20058707171528     
   3.30566208333333       0.902998750000000      -0.942597958034352     
   3.30566208333333        1.20333166666667      -0.704293558984334     
   3.30566208333333        1.50366458333333      -0.527852911093168     
   3.30566208333333        1.80399750000000      -0.407968712485170     
   3.30566208333333        2.10433041666667      -0.325142611258359     
   3.30566208333333        2.40466333333333      -0.268672040897477     
   3.30566208333333        2.70499625000000      -0.230774840970354     
   3.30566208333333        3.00532916666667      -0.204797796359828     
   3.30566208333333        3.30566208333333      -0.185389601092957     
   3.30566208333333        3.60599500000000      -0.169112432942969     
   3.30566208333333        3.90632791666667      -0.154474997114951     
   3.30566208333333        4.20666083333333      -0.141221485399422     
   3.30566208333333        4.50699375000000      -0.129438468177951     
   3.30566208333333        4.80732666666667      -0.118935684786945     
   3.30566208333333        5.10765958333333      -0.109158605045303     
   3.30566208333333        5.40799250000000      -9.950188496026612E-002
   3.30566208333333        5.70832541666667      -8.960348012076387E-002
   3.30566208333333        6.00865833333333      -7.929380668401358E-002
   3.30566208333333        6.30899125000000      -6.868263402514833E-002
   3.30566208333333        6.60932416666667      -5.879513166683565E-002
   3.30566208333333        6.90965708333333      -5.156752611434801E-002
   3.30566208333333        7.20999000000000      -4.735085314905080E-002
   3.60599500000000       2.000000000000000E-003  -1.60533975614936     
   3.60599500000000       0.302332916666667       -1.46488260104648     
   3.60599500000000       0.602665833333333       -1.26224056652350     
   3.60599500000000       0.902998750000000      -0.986722917482629     
   3.60599500000000        1.20333166666667      -0.731439432598319     
   3.60599500000000        1.50366458333333      -0.542160838497457     
   3.60599500000000        1.80399750000000      -0.415832290729042     
   3.60599500000000        2.10433041666667      -0.329464473057667     
   3.60599500000000        2.40466333333333      -0.270930007656496     
   3.60599500000000        2.70499625000000      -0.231867887964480     
   3.60599500000000        3.00532916666667      -0.205305049487363     
   3.60599500000000        3.30566208333333      -0.185655209886929     
   3.60599500000000        3.60599500000000      -0.169313186780898     
   3.60599500000000        3.90632791666667      -0.154686736131642     
   3.60599500000000        4.20666083333333      -0.141449786613352     
   3.60599500000000        4.50699375000000      -0.129659959564441     
   3.60599500000000        4.80732666666667      -0.119126844898594     
   3.60599500000000        5.10765958333333      -0.109297647331574     
   3.60599500000000        5.40799250000000      -9.955908609150806E-002
   3.60599500000000        5.70832541666667      -8.952339199130255E-002
   3.60599500000000        6.00865833333333      -7.895232431021072E-002
   3.60599500000000        6.30899125000000      -6.796718329657890E-002
   3.60599500000000        6.60932416666667      -5.768793098892668E-002
   3.60599500000000        6.90965708333333      -5.048172903892873E-002
   3.60599500000000        7.20999000000000      -4.549434828148538E-002
   3.90632791666667       2.000000000000000E-003  -1.46573265826854     
   3.90632791666667       0.302332916666667       -1.39557869438760     
   3.90632791666667       0.602665833333333       -1.19992479131947     
   3.90632791666667       0.902998750000000      -0.941683839906952     
   3.90632791666667        1.20333166666667      -0.703248142668869     
   3.90632791666667        1.50366458333333      -0.526765030886740     
   3.90632791666667        1.80399750000000      -0.406899785169364     
   3.90632791666667        2.10433041666667      -0.324146042164056     
   3.90632791666667        2.40466333333333      -0.267780733861680     
   3.90632791666667        2.70499625000000      -0.229999099806660     
   3.90632791666667        3.00532916666667      -0.204131164483947     
   3.90632791666667        3.30566208333333      -0.184818193705505     
   3.90632791666667        3.60599500000000      -0.168622656589118     
   3.90632791666667        3.90632791666667      -0.154056266729203     
   3.90632791666667        4.20666083333333      -0.140864559893311     
   3.90632791666667        4.50699375000000      -0.129132205520400     
   3.90632791666667        4.80732666666667      -0.118665577201582     
   3.90632791666667        5.10765958333333      -0.108908830346286     
   3.90632791666667        5.40799250000000      -9.925923566067504E-002
   3.90632791666667        5.70832541666667      -8.936002729645945E-002
   3.90632791666667        6.00865833333333      -7.904364458507404E-002
   3.90632791666667        6.30899125000000      -6.842544766388947E-002
   3.90632791666667        6.60932416666667      -5.853923590477048E-002
   3.90632791666667        6.90965708333333      -5.131247799488298E-002
   3.90632791666667        7.20999000000000      -4.709118342232080E-002
   4.20666083333333       2.000000000000000E-003  -1.26179460128240     
   4.20666083333333       0.302332916666667       -1.19930860781985     
   4.20666083333333       0.602665833333333       -1.03330961034103     
   4.20666083333333       0.902998750000000      -0.824514718201647     
   4.20666083333333        1.20333166666667      -0.630889942666661     
   4.20666083333333        1.50366458333333      -0.486712778767437     
   4.20666083333333        1.80399750000000      -0.383521044536043     
   4.20666083333333        2.10433041666667      -0.310398791268385     
   4.20666083333333        2.40466333333333      -0.259849189691614     
   4.20666083333333        2.70499625000000      -0.225459770935166     
   4.20666083333333        3.00532916666667      -0.201378169603751     
   4.20666083333333        3.30566208333333      -0.182878167281269     
   4.20666083333333        3.60599500000000      -0.166999368762607     
   4.20666083333333        3.90632791666667      -0.152554676982232     
   4.20666083333333        4.20666083333333      -0.139459784050953     
   4.20666083333333        4.50699375000000      -0.127858745944101     
   4.20666083333333        4.80732666666667      -0.117555279393521     
   4.20666083333333        5.10765958333333      -0.107990025532953     
   4.20666083333333        5.40799250000000      -9.858613153176943E-002
   4.20666083333333        5.70832541666667      -8.905555312477120E-002
   4.20666083333333        6.00865833333333      -7.938979267069286E-002
   4.20666083333333        6.30899125000000      -6.970482658249592E-002
   4.20666083333333        6.60932416666667      -6.078935168544772E-002
   4.20666083333333        6.90965708333333      -5.383054611422732E-002
   4.20666083333333        7.20999000000000      -4.931803137207596E-002
   4.50699375000000       2.000000000000000E-003 -0.983883586235862     
   4.50699375000000       0.302332916666667      -0.939475108742608     
   4.50699375000000       0.602665833333333      -0.823521110094623     
   4.50699375000000       0.902998750000000      -0.676384915155057     
   4.50699375000000        1.20333166666667      -0.541084475095165     
   4.50699375000000        1.50366458333333      -0.433411899337658     
   4.50699375000000        1.80399750000000      -0.351362058811692     
   4.50699375000000        2.10433041666667      -0.291214570964398     
   4.50699375000000        2.40466333333333      -0.248676901608091     
   4.50699375000000        2.70499625000000      -0.218956734962981     
   4.50699375000000        3.00532916666667      -0.197293891227429     
   4.50699375000000        3.30566208333333      -0.179861087795551     
   4.50699375000000        3.60599500000000      -0.164394414899379     
   4.50699375000000        3.90632791666667      -0.150143333810680     
   4.50699375000000        4.20666083333333      -0.137230051042464     
   4.50699375000000        4.50699375000000      -0.125851674607925     
   4.50699375000000        4.80732666666667      -0.115804566173548     
   4.50699375000000        5.10765958333333      -0.106531671348514     
   4.50699375000000        5.40799250000000      -9.749466745607360E-002
   4.50699375000000        5.70832541666667      -8.847929858912677E-002
   4.50699375000000        6.00865833333333      -7.959855293029817E-002
   4.50699375000000        6.30899125000000      -7.107046938026616E-002
   4.50699375000000        6.60932416666667      -6.325494119348848E-002
   4.50699375000000        6.90965708333333      -5.683790412345275E-002
   4.50699375000000        7.20999000000000      -5.212159698625245E-002
   4.80732666666667       2.000000000000000E-003 -0.726858825718964     
   4.80732666666667       0.302332916666667      -0.699940722918287     
   4.80732666666667       0.602665833333333      -0.629676168936748     
   4.80732666666667       0.902998750000000      -0.541198195056306     
   4.80732666666667        1.20333166666667      -0.454012147136305     
   4.80732666666667        1.50366458333333      -0.377982203285762     
   4.80732666666667        1.80399750000000      -0.316632754362490     
   4.80732666666667        2.10433041666667      -0.270006223358388     
   4.80732666666667        2.40466333333333      -0.235998246271820     
   4.80732666666667        2.70499625000000      -0.211235478269009     
   4.80732666666667        3.00532916666667      -0.192106006354252     
   4.80732666666667        3.30566208333333      -0.175783387717149     
   4.80732666666667        3.60599500000000      -0.160778750792247     
   4.80732666666667        3.90632791666667      -0.146811696383032     
   4.80732666666667        4.20666083333333      -0.134193698515212     
   4.80732666666667        4.50699375000000      -0.123142821579665     
   4.80732666666667        4.80732666666667      -0.113436134218526     
   4.80732666666667        5.10765958333333      -0.104531886294393     
   4.80732666666667        5.40799250000000      -9.594666065633893E-002
   4.80732666666667        5.70832541666667      -8.752879854620267E-002
   4.80732666666667        6.00865833333333      -7.943916498735104E-002
   4.80732666666667        6.30899125000000      -7.193413326871592E-002
   4.80732666666667        6.60932416666667      -6.520032004993628E-002
   4.80732666666667        6.90965708333333      -5.938879643512428E-002
   4.80732666666667        7.20999000000000      -5.467214821669811E-002
   5.10765958333333       2.000000000000000E-003 -0.535182621252417     
   5.10765958333333       0.302332916666667      -0.521427568747020     
   5.10765958333333       0.602665833333333      -0.484149695456545     
   5.10765958333333       0.902998750000000      -0.433538882289396     
   5.10765958333333        1.20333166666667      -0.378881992433387     
   5.10765958333333        1.50366458333333      -0.327559086932932     
   5.10765958333333        1.80399750000000      -0.283908278168385     
   5.10765958333333        2.10433041666667      -0.249361753678250     
   5.10765958333333        2.40466333333333      -0.223053358403477     
   5.10765958333333        2.70499625000000      -0.202731287925437     
   5.10765958333333        3.00532916666667      -0.185862781891744     
   5.10765958333333        3.30566208333333      -0.170583497895976     
   5.10765958333333        3.60599500000000      -0.156117700428694     
   5.10765958333333        3.90632791666667      -0.142580375304418     
   5.10765958333333        4.20666083333333      -0.130404402958231     
   5.10765958333333        4.50699375000000      -0.119788919027101     
   5.10765958333333        4.80732666666667      -0.110490601705512     
   5.10765958333333        5.10765958333333      -0.102008940007768     
   5.10765958333333        5.40799250000000      -9.393692055321561E-002
   5.10765958333333        5.70832541666667      -8.617375043625955E-002
   5.10765958333333        6.00865833333333      -7.886855276614049E-002
   5.10765958333333        6.30899125000000      -7.220783338058631E-002
   5.10765958333333        6.60932416666667      -6.626505562596932E-002
   5.10765958333333        6.90965708333333      -6.103271301665588E-002
   5.10765958333333        7.20999000000000      -5.647325066618164E-002
   5.40799250000000       2.000000000000000E-003 -0.409286812844594     
   5.40799250000000       0.302332916666667      -0.401757684994610     
   5.40799250000000       0.602665833333333      -0.381005985166941     
   5.40799250000000       0.902998750000000      -0.351316845947967     
   5.40799250000000        1.20333166666667      -0.318012678768251     
   5.40799250000000        1.50366458333333      -0.285205216393954     
   5.40799250000000        1.80399750000000      -0.255436491181060     
   5.40799250000000        2.10433041666667      -0.230508456104123     
   5.40799250000000        2.40466333333333      -0.210308934725875     
   5.40799250000000        2.70499625000000      -0.193488080000609     
   5.40799250000000        3.00532916666667      -0.178462670087080     
   5.40799250000000        3.30566208333333      -0.164187350126016     
   5.40799250000000        3.60599500000000      -0.150427579596524     
   5.40799250000000        3.90632791666667      -0.137535764737815     
   5.40799250000000        4.20666083333333      -0.125969851212580     
   5.40799250000000        4.50699375000000      -0.115884828146073     
   5.40799250000000        4.80732666666667      -0.107040275091259     
   5.40799250000000        5.10765958333333      -9.901512798744665E-002
   5.40799250000000        5.40799250000000      -9.150294294760250E-002
   5.40799250000000        5.70832541666667      -8.444811847696213E-002
   5.40799250000000        6.00865833333333      -7.794531182140603E-002
   5.40799250000000        6.30899125000000      -7.203336603620826E-002
   5.40799250000000        6.60932416666667      -6.671460711736162E-002
   5.40799250000000        6.90965708333333      -6.190975598366898E-002
   5.40799250000000        7.20999000000000      -5.752816166418804E-002
   5.70832541666667       2.000000000000000E-003 -0.326851142881793     
   5.70832541666667       0.302332916666667      -0.322743441613827     
   5.70832541666667       0.602665833333333      -0.310911305286851     
   5.70832541666667       0.902998750000000      -0.293332495088623     
   5.70832541666667        1.20333166666667      -0.272701378328141     
   5.70832541666667        1.50366458333333      -0.251569302767455     
   5.70832541666667        1.80399750000000      -0.231591536383935     
   5.70832541666667        2.10433041666667      -0.213515568251738     
   5.70832541666667        2.40466333333333      -0.197646507210210     
   5.70832541666667        2.70499625000000      -0.183364859961912     
   5.70832541666667        3.00532916666667      -0.169857465966804     
   5.70832541666667        3.30566208333333      -0.156677537743042     
   5.70832541666667        3.60599500000000      -0.143884375825928     
   5.70832541666667        3.90632791666667      -0.131875598684579     
   5.70832541666667        4.20666083333333      -0.121062873003084     
   5.70832541666667        4.50699375000000      -0.111569691967132     
   5.70832541666667        4.80732666666667      -0.103197084572198     
   5.70832541666667        5.10765958333333      -9.564018139155955E-002
   5.70832541666667        5.40799250000000      -8.871418010649541E-002
   5.70832541666667        5.70832541666667      -8.239858105016948E-002
   5.70832541666667        6.00865833333333      -7.664286382352550E-002
   5.70832541666667        6.30899125000000      -7.144133044432209E-002
   5.70832541666667        6.60932416666667      -6.673604617344574E-002
   5.70832541666667        6.90965708333333      -6.236770504543798E-002
   5.70832541666667        7.20999000000000      -5.818540651764771E-002
   6.00865833333333       2.000000000000000E-003 -0.273854641076783     
   6.00865833333333       0.302332916666667      -0.271628473747622     
   6.00865833333333       0.602665833333333      -0.264792006480826     
   6.00865833333333       0.902998750000000      -0.253945846035820     
   6.00865833333333        1.20333166666667      -0.240536485642439     
   6.00865833333333        1.50366458333333      -0.226109163688315     
   6.00865833333333        1.80399750000000      -0.211726846164065     
   6.00865833333333        2.10433041666667      -0.197870168523637     
   6.00865833333333        2.40466333333333      -0.184784330759646     
   6.00865833333333        2.70499625000000      -0.172325066629528     
   6.00865833333333        3.00532916666667      -0.160227816904449     
   6.00865833333333        3.30566208333333      -0.148400480365722     
   6.00865833333333        3.60599500000000      -0.136877326236224     
   6.00865833333333        3.90632791666667      -0.125908363652282     
   6.00865833333333        4.20666083333333      -0.115890091831437     
   6.00865833333333        4.50699375000000      -0.107003653471517     
   6.00865833333333        4.80732666666667      -9.909817787620828E-002
   6.00865833333333        5.10765958333333      -9.199255050824987E-002
   6.00865833333333        5.40799250000000      -8.563082771813219E-002
   6.00865833333333        5.70832541666667      -7.996736036104762E-002
   6.00865833333333        6.00865833333333      -7.491157782374690E-002
   6.00865833333333        6.30899125000000      -7.041433010806972E-002
   6.00865833333333        6.60932416666667      -6.637994517571211E-002
   6.00865833333333        6.90965708333333      -6.256616786866021E-002
   6.00865833333333        7.20999000000000      -5.865264879893097E-002
   6.30899125000000       2.000000000000000E-003 -0.239203449178415     
   6.30899125000000       0.302332916666667      -0.238246319191687     
   6.30899125000000       0.602665833333333      -0.234225337168986     
   6.30899125000000       0.902998750000000      -0.226743118794573     
   6.30899125000000        1.20333166666667      -0.216916185188203     
   6.30899125000000        1.50366458333333      -0.205964869145506     
   6.30899125000000        1.80399750000000      -0.194569728042292     
   6.30899125000000        2.10433041666667      -0.182999287847296     
   6.30899125000000        2.40466333333333      -0.171627383580933     
   6.30899125000000        2.70499625000000      -0.160572424497173     
   6.30899125000000        3.00532916666667      -0.149876171702121     
   6.30899125000000        3.30566208333333      -0.139567380561730     
   6.30899125000000        3.60599500000000      -0.129549962643323     
   6.30899125000000        3.90632791666667      -0.119806910840980     
   6.30899125000000        4.20666083333333      -0.110611941437706     
   6.30899125000000        4.50699375000000      -0.102306759079522     
   6.30899125000000        4.80732666666667      -9.487665791754021E-002
   6.30899125000000        5.10765958333333      -8.816996376001782E-002
   6.30899125000000        5.40799250000000      -8.227689230769994E-002
   6.30899125000000        5.70832541666667      -7.718278501954395E-002
   6.30899125000000        6.00865833333333      -7.275015337503286E-002
   6.30899125000000        6.30899125000000      -6.887823826492706E-002
   6.30899125000000        6.60932416666667      -6.551744630478566E-002
   6.30899125000000        6.90965708333333      -6.248266629970246E-002
   6.30899125000000        7.20999000000000      -5.906025896846470E-002
   6.60932416666667       2.000000000000000E-003 -0.213926405476478     
   6.60932416666667       0.302332916666667      -0.214064359868956     
   6.60932416666667       0.602665833333333      -0.211629741762181     
   6.60932416666667       0.902998750000000      -0.205766831713401     
   6.60932416666667        1.20333166666667      -0.197602737037736     
   6.60932416666667        1.50366458333333      -0.188366316635585     
   6.60932416666667        1.80399750000000      -0.178627355978211     
   6.60932416666667        2.10433041666667      -0.168547702407435     
   6.60932416666667        2.40466333333333      -0.158395310141835     
   6.60932416666667        2.70499625000000      -0.148493304769901     
   6.60932416666667        3.00532916666667      -0.139112014011001     
   6.60932416666667        3.30566208333333      -0.130572376537573     
   6.60932416666667        3.60599500000000      -0.122492990564164     
   6.60932416666667        3.90632791666667      -0.114112626602741     
   6.60932416666667        4.20666083333333      -0.105705693371714     
   6.60932416666667        4.50699375000000      -9.774785338296217E-002
   6.60932416666667        4.80732666666667      -9.065842857797105E-002
   6.60932416666667        5.10765958333333      -8.425588866009623E-002
   6.60932416666667        5.40799250000000      -7.876257270556104E-002
   6.60932416666667        5.70832541666667      -7.416069011265361E-002
   6.60932416666667        6.00865833333333      -7.025718180624591E-002
   6.60932416666667        6.30899125000000      -6.682832805646996E-002
   6.60932416666667        6.60932416666667      -6.384229987735779E-002
   6.60932416666667        6.90965708333333      -6.172475014538592E-002
   6.60932416666667        7.20999000000000      -5.935954321993642E-002
   6.90965708333333       2.000000000000000E-003 -0.196109047394800     
   6.90965708333333       0.302332916666667      -0.196270819054176     
   6.90965708333333       0.602665833333333      -0.192324254485687     
   6.90965708333333       0.902998750000000      -0.187106139170528     
   6.90965708333333        1.20333166666667      -0.179924017109490     
   6.90965708333333        1.50366458333333      -0.171808590320183     
   6.90965708333333        1.80399750000000      -0.163306724641983     
   6.90965708333333        2.10433041666667      -0.154524319422949     
   6.90965708333333        2.40466333333333      -0.145599554206539     
   6.90965708333333        2.70499625000000      -0.136839150505767     
   6.90965708333333        3.00532916666667      -0.128843449053049     
   6.90965708333333        3.30566208333333      -0.122607269342330     
   6.90965708333333        3.60599500000000      -0.117063545808925     
   6.90965708333333        3.90632791666667      -0.109496801712241     
   6.90965708333333        4.20666083333333      -0.101619418004784     
   6.90965708333333        4.50699375000000      -9.373644704529836E-002
   6.90965708333333        4.80732666666667      -8.659122871059753E-002
   6.90965708333333        5.10765958333333      -8.038991875274938E-002
   6.90965708333333        5.40799250000000      -7.522147435937487E-002
   6.90965708333333        5.70832541666667      -7.107877025007496E-002
   6.90965708333333        6.00865833333333      -6.770128150242133E-002
   6.90965708333333        6.30899125000000      -6.471878630841167E-002
   6.90965708333333        6.60932416666667      -6.178519923657647E-002
   6.90965708333333        6.90965708333333      -5.987130190273648E-002
   6.90965708333333        7.20999000000000      -5.896559901152721E-002
   7.20999000000000       2.000000000000000E-003 -0.183794000805525     
   7.20999000000000       0.302332916666667      -0.183900283444898     
   7.20999000000000       0.602665833333333      -0.177204260131577     
   7.20999000000000       0.902998750000000      -0.170378408754257     
   7.20999000000000        1.20333166666667      -0.163346368855906     
   7.20999000000000        1.50366458333333      -0.156165795119161     
   7.20999000000000        1.80399750000000      -0.148856679342643     
   7.20999000000000        2.10433041666667      -0.141421347398187     
   7.20999000000000        2.40466333333333      -0.133906382376486     
   7.20999000000000        2.70499625000000      -0.126567763774172     
   7.20999000000000        3.00532916666667      -0.120219684909745     
   7.20999000000000        3.30566208333333      -0.116083900036047     
   7.20999000000000        3.60599500000000      -0.112356030442024     
   7.20999000000000        3.90632791666667      -0.105288381120026     
   7.20999000000000        4.20666083333333      -9.802103977941724E-002
   7.20999000000000        4.50699375000000      -8.999582369885367E-002
   7.20999000000000        4.80732666666667      -8.271065395293341E-002
   7.20999000000000        5.10765958333333      -7.661110480729831E-002
   7.20999000000000        5.40799250000000      -7.177257329270170E-002
   7.20999000000000        5.70832541666667      -6.806571323323098E-002
   7.20999000000000        6.00865833333333      -6.526151917411287E-002
   7.20999000000000        6.30899125000000      -6.304742226899722E-002
   7.20999000000000        6.60932416666667      -6.105996568035785E-002
   7.20999000000000        6.90965708333333      -5.915718058075626E-002
   7.20999000000000        7.20999000000000      -5.717452095283443E-002
