  2.000000000000000E-003  2.000000000000000E-003 -0.484885673429092     
  2.000000000000000E-003  0.302332916666667      -0.466889211568330     
  2.000000000000000E-003  0.602665833333333      -0.420480964042687     
  2.000000000000000E-003  0.902998750000000      -0.357612685410231     
  2.000000000000000E-003   1.20333166666667      -0.308915828934036     
  2.000000000000000E-003   1.50366458333333      -0.273341537628453     
  2.000000000000000E-003   1.80399750000000      -0.245357992249437     
  2.000000000000000E-003   2.10433041666667      -0.221474083711294     
  2.000000000000000E-003   2.40466333333333      -0.199807193895694     
  2.000000000000000E-003   2.70499625000000      -0.180626274873012     
  2.000000000000000E-003   3.00532916666667      -0.165244985100836     
  2.000000000000000E-003   3.30566208333333      -0.156424125332779     
  2.000000000000000E-003   3.60599500000000      -0.150242466959649     
  2.000000000000000E-003   3.90632791666667      -0.135954940409048     
  2.000000000000000E-003   4.20666083333333      -0.122558307857190     
  2.000000000000000E-003   4.50699375000000      -0.109314696981451     
  2.000000000000000E-003   4.80732666666667      -9.810174227840304E-002
  2.000000000000000E-003   5.10765958333333      -8.905638951034393E-002
  2.000000000000000E-003   5.40799250000000      -8.197543479817553E-002
  2.000000000000000E-003   5.70832541666667      -7.676117236393029E-002
  2.000000000000000E-003   6.00865833333333      -7.294178902854331E-002
  2.000000000000000E-003   6.30899125000000      -6.977249862683510E-002
  2.000000000000000E-003   6.60932416666667      -6.653456114620672E-002
  2.000000000000000E-003   6.90965708333333      -6.384473513854443E-002
  2.000000000000000E-003   7.20999000000000      -6.146582724409448E-002
  0.302332916666667       2.000000000000000E-003 -0.494729704909548     
  0.302332916666667       0.302332916666667      -0.462038335364098     
  0.302332916666667       0.602665833333333      -0.427969316617665     
  0.302332916666667       0.902998750000000      -0.380517012378967     
  0.302332916666667        1.20333166666667      -0.335572747696265     
  0.302332916666667        1.50366458333333      -0.298183056079776     
  0.302332916666667        1.80399750000000      -0.266749149755147     
  0.302332916666667        2.10433041666667      -0.239241787156737     
  0.302332916666667        2.40466333333333      -0.214632356568496     
  0.302332916666667        2.70499625000000      -0.193217868137265     
  0.302332916666667        3.00532916666667      -0.175668880662615     
  0.302332916666667        3.30566208333333      -0.164042058708104     
  0.302332916666667        3.60599500000000      -0.155466223047512     
  0.302332916666667        3.90632791666667      -0.141815311087798     
  0.302332916666667        4.20666083333333      -0.126898492151701     
  0.302332916666667        4.50699375000000      -0.113050271852466     
  0.302332916666667        4.80732666666667      -0.101486773043400     
  0.302332916666667        5.10765958333333      -9.201479097823878E-002
  0.302332916666667        5.40799250000000      -8.447584923153209E-002
  0.302332916666667        5.70832541666667      -7.878495774952247E-002
  0.302332916666667        6.00865833333333      -7.441902049378422E-002
  0.302332916666667        6.30899125000000      -7.068226198623173E-002
  0.302332916666667        6.60932416666667      -6.695500054523687E-002
  0.302332916666667        6.90965708333333      -6.426869087275790E-002
  0.302332916666667        7.20999000000000      -6.292961451084232E-002
  0.602665833333333       2.000000000000000E-003 -0.494873351568325     
  0.602665833333333       0.302332916666667      -0.475730922826724     
  0.602665833333333       0.602665833333333      -0.441703673684251     
  0.602665833333333       0.902998750000000      -0.401264518360071     
  0.602665833333333        1.20333166666667      -0.359138824335799     
  0.602665833333333        1.50366458333333      -0.320136841151958     
  0.602665833333333        1.80399750000000      -0.285460266632225     
  0.602665833333333        2.10433041666667      -0.254818322620607     
  0.602665833333333        2.40466333333333      -0.228149703604617     
  0.602665833333333        2.70499625000000      -0.205603215291673     
  0.602665833333333        3.00532916666667      -0.186774778307008     
  0.602665833333333        3.30566208333333      -0.172091736479344     
  0.602665833333333        3.60599500000000      -0.159512445163361     
  0.602665833333333        3.90632791666667      -0.145311834745317     
  0.602665833333333        4.20666083333333      -0.130081560431437     
  0.602665833333333        4.50699375000000      -0.116108554941125     
  0.602665833333333        4.80732666666667      -0.104497112759516     
  0.602665833333333        5.10765958333333      -9.475782987378766E-002
  0.602665833333333        5.40799250000000      -8.689190003356478E-002
  0.602665833333333        5.70832541666667      -8.074135284175007E-002
  0.602665833333333        6.00865833333333      -7.584169830606975E-002
  0.602665833333333        6.30899125000000      -7.167796739753843E-002
  0.602665833333333        6.60932416666667      -6.795450290839006E-002
  0.602665833333333        6.90965708333333      -6.509946916338299E-002
  0.602665833333333        7.20999000000000      -6.256153442876405E-002
  0.902998750000000       2.000000000000000E-003 -0.524357659435198     
  0.902998750000000       0.302332916666667      -0.508540160044796     
  0.902998750000000       0.602665833333333      -0.471518031738482     
  0.902998750000000       0.902998750000000      -0.426988748488602     
  0.902998750000000        1.20333166666667      -0.381624857595695     
  0.902998750000000        1.50366458333333      -0.338956562480742     
  0.902998750000000        1.80399750000000      -0.300619963759646     
  0.902998750000000        2.10433041666667      -0.267070079642341     
  0.902998750000000        2.40466333333333      -0.238936156031070     
  0.902998750000000        2.70499625000000      -0.215305786394526     
  0.902998750000000        3.00532916666667      -0.195212263365571     
  0.902998750000000        3.30566208333333      -0.177989768666222     
  0.902998750000000        3.60599500000000      -0.162395663515949     
  0.902998750000000        3.90632791666667      -0.147000335995166     
  0.902998750000000        4.20666083333333      -0.131933567669903     
  0.902998750000000        4.50699375000000      -0.118362576017143     
  0.902998750000000        4.80732666666667      -0.106888867543616     
  0.902998750000000        5.10765958333333      -9.719448949523432E-002
  0.902998750000000        5.40799250000000      -8.908489973347121E-002
  0.902998750000000        5.70832541666667      -8.252795081520478E-002
  0.902998750000000        6.00865833333333      -7.710563860442120E-002
  0.902998750000000        6.30899125000000      -7.245445892134736E-002
  0.902998750000000        6.60932416666667      -6.835853287521068E-002
  0.902998750000000        6.90965708333333      -6.471230007669784E-002
  0.902998750000000        7.20999000000000      -6.107100840192854E-002
   1.20333166666667       2.000000000000000E-003 -0.548550466456117     
   1.20333166666667       0.302332916666667      -0.534583021822600     
   1.20333166666667       0.602665833333333      -0.497639494018877     
   1.20333166666667       0.902998750000000      -0.449983689834188     
   1.20333166666667        1.20333166666667      -0.400298758621999     
   1.20333166666667        1.50366458333333      -0.353322517530161     
   1.20333166666667        1.80399750000000      -0.311312897021478     
   1.20333166666667        2.10433041666667      -0.275677419230509     
   1.20333166666667        2.40466333333333      -0.246311265102670     
   1.20333166666667        2.70499625000000      -0.221482221690745     
   1.20333166666667        3.00532916666667      -0.200084944698940     
   1.20333166666667        3.30566208333333      -0.181266982515598     
   1.20333166666667        3.60599500000000      -0.164100332486370     
   1.20333166666667        3.90632791666667      -0.148015227014249     
   1.20333166666667        4.20666083333333      -0.133157815307022     
   1.20333166666667        4.50699375000000      -0.120029718607497     
   1.20333166666667        4.80732666666667      -0.108771334533310     
   1.20333166666667        5.10765958333333      -9.918832877119291E-002
   1.20333166666667        5.40799250000000      -9.099584974990889E-002
   1.20333166666667        5.70832541666667      -8.406744139561413E-002
   1.20333166666667        6.00865833333333      -7.811864690408483E-002
   1.20333166666667        6.30899125000000      -7.287639580768873E-002
   1.20333166666667        6.60932416666667      -6.816475974947704E-002
   1.20333166666667        6.90965708333333      -6.383730254450924E-002
   1.20333166666667        7.20999000000000      -5.972456075493601E-002
   1.50366458333333       2.000000000000000E-003 -0.559305394823598     
   1.50366458333333       0.302332916666667      -0.546590241276619     
   1.50366458333333       0.602665833333333      -0.511416324457602     
   1.50366458333333       0.902998750000000      -0.463322094280910     
   1.50366458333333        1.20333166666667      -0.411187285155958     
   1.50366458333333        1.50366458333333      -0.360999882105775     
   1.50366458333333        1.80399750000000      -0.316692241709876     
   1.50366458333333        2.10433041666667      -0.280237043537754     
   1.50366458333333        2.40466333333333      -0.249925633768216     
   1.50366458333333        2.70499625000000      -0.224264831507327     
   1.50366458333333        3.00532916666667      -0.202111993314137     
   1.50366458333333        3.30566208333333      -0.182534321100564     
   1.50366458333333        3.60599500000000      -0.164836695635696     
   1.50366458333333        3.90632791666667      -0.148684546546834     
   1.50366458333333        4.20666083333333      -0.134118877877919     
   1.50366458333333        4.50699375000000      -0.121306580401859     
   1.50366458333333        4.80732666666667      -0.110260672547889     
   1.50366458333333        5.10765958333333      -0.100779928650595     
   1.50366458333333        5.40799250000000      -9.256122423406503E-002
   1.50366458333333        5.70832541666667      -8.533569581200444E-002
   1.50366458333333        6.00865833333333      -7.890754505018556E-002
   1.50366458333333        6.30899125000000      -7.311170643470456E-002
   1.50366458333333        6.60932416666667      -6.786038840660955E-002
   1.50366458333333        6.90965708333333      -6.310067459429777E-002
   1.50366458333333        7.20999000000000      -5.879643789014839E-002
   1.80399750000000       2.000000000000000E-003 -0.556321505659161     
   1.80399750000000       0.302332916666667      -0.544667863869457     
   1.80399750000000       0.602665833333333      -0.510800707695311     
   1.80399750000000       0.902998750000000      -0.463506232215445     
   1.80399750000000        1.20333166666667      -0.410812401191284     
   1.80399750000000        1.50366458333333      -0.360255099862071     
   1.80399750000000        1.80399750000000      -0.316935692744633     
   1.80399750000000        2.10433041666667      -0.280349845340594     
   1.80399750000000        2.40466333333333      -0.249582796793758     
   1.80399750000000        2.70499625000000      -0.223665703066005     
   1.80399750000000        3.00532916666667      -0.201514334266089     
   1.80399750000000        3.30566208333333      -0.182091070710772     
   1.80399750000000        3.60599500000000      -0.164640755776495     
   1.80399750000000        3.90632791666667      -0.148821348174641     
   1.80399750000000        4.20666083333333      -0.134627026847170     
   1.80399750000000        4.50699375000000      -0.122147776649723     
   1.80399750000000        4.80732666666667      -0.111343408946124     
   1.80399750000000        5.10765958333333      -0.101981742170394     
   1.80399750000000        5.40799250000000      -9.373511943744563E-002
   1.80399750000000        5.70832541666667      -8.631400987358025E-002
   1.80399750000000        6.00865833333333      -7.952617080168579E-002
   1.80399750000000        6.30899125000000      -7.330382811247459E-002
   1.80399750000000        6.60932416666667      -6.767046527645162E-002
   1.80399750000000        6.90965708333333      -6.265296986386827E-002
   1.80399750000000        7.20999000000000      -5.827504498793044E-002
   2.10433041666667       2.000000000000000E-003 -0.542260871500317     
   2.10433041666667       0.302332916666667      -0.529649246199132     
   2.10433041666667       0.602665833333333      -0.496035276899454     
   2.10433041666667       0.902998750000000      -0.448963574652699     
   2.10433041666667        1.20333166666667      -0.399803063572418     
   2.10433041666667        1.50366458333333      -0.353474152984832     
   2.10433041666667        1.80399750000000      -0.311894476609834     
   2.10433041666667        2.10433041666667      -0.275823652677318     
   2.10433041666667        2.40466333333333      -0.245344799695356     
   2.10433041666667        2.70499625000000      -0.219903587376456     
   2.10433041666667        3.00532916666667      -0.198458405601734     
   2.10433041666667        3.30566208333333      -0.179847147614551     
   2.10433041666667        3.60599500000000      -0.163184220121614     
   2.10433041666667        3.90632791666667      -0.148057024486971     
   2.10433041666667        4.20666083333333      -0.134436165871663     
   2.10433041666667        4.50699375000000      -0.122406157010306     
   2.10433041666667        4.80732666666667      -0.111920574888265     
   2.10433041666667        5.10765958333333      -0.102732749365625     
   2.10433041666667        5.40799250000000      -9.450266658775112E-002
   2.10433041666667        5.70832541666667      -8.695441151242006E-002
   2.10433041666667        6.00865833333333      -7.995634104222420E-002
   2.10433041666667        6.30899125000000      -7.349513618549210E-002
   2.10433041666667        6.60932416666667      -6.762411386502414E-002
   2.10433041666667        6.90965708333333      -6.248270288017319E-002
   2.10433041666667        7.20999000000000      -5.809345867447490E-002
   2.40466333333333       2.000000000000000E-003 -0.527125064661539     
   2.40466333333333       0.302332916666667      -0.513014503989258     
   2.40466333333333       0.602665833333333      -0.476117717952529     
   2.40466333333333       0.902998750000000      -0.430921836648878     
   2.40466333333333        1.20333166666667      -0.384978768563440     
   2.40466333333333        1.50366458333333      -0.341321224561916     
   2.40466333333333        1.80399750000000      -0.301597559260706     
   2.40466333333333        2.10433041666667      -0.266899514636997     
   2.40466333333333        2.40466333333333      -0.237662444347707     
   2.40466333333333        2.70499625000000      -0.213504779835183     
   2.40466333333333        3.00532916666667      -0.193381642332676     
   2.40466333333333        3.30566208333333      -0.176037945426016     
   2.40466333333333        3.60599500000000      -0.160496333664494     
   2.40466333333333        3.90632791666667      -0.146300695786176     
   2.40466333333333        4.20666083333333      -0.133422076830962     
   2.40466333333333        4.50699375000000      -0.121962376761411     
   2.40466333333333        4.80732666666667      -0.111885436983191     
   2.40466333333333        5.10765958333333      -0.102943348146406     
   2.40466333333333        5.40799250000000      -9.479823983279567E-002
   2.40466333333333        5.70832541666667      -8.719930952885270E-002
   2.40466333333333        6.00865833333333      -8.007103343243406E-002
   2.40466333333333        6.30899125000000      -7.347414316208965E-002
   2.40466333333333        6.60932416666667      -6.751871115001153E-002
   2.40466333333333        6.90965708333333      -6.234084234101660E-002
   2.40466333333333        7.20999000000000      -5.808591952442558E-002
   2.70499625000000       2.000000000000000E-003 -0.515441286482609     
   2.70499625000000       0.302332916666667      -0.501034339665696     
   2.70499625000000       0.602665833333333      -0.462658549821509     
   2.70499625000000       0.902998750000000      -0.413199842473581     
   2.70499625000000        1.20333166666667      -0.366057762369374     
   2.70499625000000        1.50366458333333      -0.324075906061314     
   2.70499625000000        1.80399750000000      -0.286713910856737     
   2.70499625000000        2.10433041666667      -0.254390344417796     
   2.70499625000000        2.40466333333333      -0.227365014810732     
   2.70499625000000        2.70499625000000      -0.205210063359396     
   2.70499625000000        3.00532916666667      -0.186855680688972     
   2.70499625000000        3.30566208333333      -0.171030354371182     
   2.70499625000000        3.60599500000000      -0.156757711357290     
   2.70499625000000        3.90632791666667      -0.143602274051118     
   2.70499625000000        4.20666083333333      -0.131564010050094     
   2.70499625000000        4.50699375000000      -0.120765123735624     
   2.70499625000000        4.80732666666667      -0.111175536560957     
   2.70499625000000        5.10765958333333      -0.102549747400709     
   2.70499625000000        5.40799250000000      -9.456379031946872E-002
   2.70499625000000        5.70832541666667      -8.699847920989273E-002
   2.70499625000000        6.00865833333333      -7.981762008363016E-002
   2.70499625000000        6.30899125000000      -7.309787406346324E-002
   2.70499625000000        6.60932416666667      -6.702515224893617E-002
   2.70499625000000        6.90965708333333      -6.201466618222609E-002
   2.70499625000000        7.20999000000000      -5.815189181002856E-002
   3.00532916666667       2.000000000000000E-003 -0.492239223916153     
   3.00532916666667       0.302332916666667      -0.477382150856551     
   3.00532916666667       0.602665833333333      -0.438563685553228     
   3.00532916666667       0.902998750000000      -0.389875402619337     
   3.00532916666667        1.20333166666667      -0.342804099209515     
   3.00532916666667        1.50366458333333      -0.302837271514229     
   3.00532916666667        1.80399750000000      -0.268612285338922     
   3.00532916666667        2.10433041666667      -0.239543479744975     
   3.00532916666667        2.40466333333333      -0.215456750454078     
   3.00532916666667        2.70499625000000      -0.195765761502940     
   3.00532916666667        3.00532916666667      -0.179396102435254     
   3.00532916666667        3.30566208333333      -0.165153421358346     
   3.00532916666667        3.60599500000000      -0.152160164730021     
   3.00532916666667        3.90632791666667      -0.140062587699770     
   3.00532916666667        4.20666083333333      -0.128907712029614     
   3.00532916666667        4.50699375000000      -0.118828006586174     
   3.00532916666667        4.80732666666667      -0.109785150512793     
   3.00532916666667        5.10765958333333      -0.101535212799996     
   3.00532916666667        5.40799250000000      -9.377890068161178E-002
   3.00532916666667        5.70832541666667      -8.633555854007877E-002
   3.00532916666667        6.00865833333333      -7.919481664342370E-002
   3.00532916666667        6.30899125000000      -7.242760556401812E-002
   3.00532916666667        6.60932416666667      -6.638171859513993E-002
   3.00532916666667        6.90965708333333      -6.169692826377296E-002
   3.00532916666667        7.20999000000000      -5.845713104282499E-002
   3.30566208333333       2.000000000000000E-003 -0.456686890802439     
   3.30566208333333       0.302332916666667      -0.443577095392826     
   3.30566208333333       0.602665833333333      -0.406939318685683     
   3.30566208333333       0.902998750000000      -0.360347658018000     
   3.30566208333333        1.20333166666667      -0.316146791806074     
   3.30566208333333        1.50366458333333      -0.279322152814974     
   3.30566208333333        1.80399750000000      -0.248937022513690     
   3.30566208333333        2.10433041666667      -0.223640247229802     
   3.30566208333333        2.40466333333333      -0.202817911285222     
   3.30566208333333        2.70499625000000      -0.185728591621836     
   3.30566208333333        3.00532916666667      -0.171344140723344     
   3.30566208333333        3.30566208333333      -0.158623439240687     
   3.30566208333333        3.60599500000000      -0.146853964563873     
   3.30566208333333        3.90632791666667      -0.135795483437367     
   3.30566208333333        4.20666083333333      -0.125539801901980     
   3.30566208333333        4.50699375000000      -0.116211667345247     
   3.30566208333333        4.80732666666667      -0.107751859614749     
   3.30566208333333        5.10765958333333      -9.992006076614632E-002
   3.30566208333333        5.40799250000000      -9.245331261665118E-002
   3.30566208333333        5.70832541666667      -8.521874928837725E-002
   3.30566208333333        6.00865833333333      -7.822816717996472E-002
   3.30566208333333        6.30899125000000      -7.153823855578541E-002
   3.30566208333333        6.60932416666667      -6.558747583744221E-002
   3.30566208333333        6.90965708333333      -6.134240012064696E-002
   3.30566208333333        7.20999000000000      -5.872366328116867E-002
   3.60599500000000       2.000000000000000E-003 -0.411327615103885     
   3.60599500000000       0.302332916666667      -0.402775272948153     
   3.60599500000000       0.602665833333333      -0.370603916482717     
   3.60599500000000       0.902998750000000      -0.327903729836795     
   3.60599500000000        1.20333166666667      -0.287830380494043     
   3.60599500000000        1.50366458333333      -0.255102951892229     
   3.60599500000000        1.80399750000000      -0.228991008139559     
   3.60599500000000        2.10433041666667      -0.207594291779246     
   3.60599500000000        2.40466333333333      -0.190005691996636     
   3.60599500000000        2.70499625000000      -0.175411082652682     
   3.60599500000000        3.00532916666667      -0.162885293726073     
   3.60599500000000        3.30566208333333      -0.151581059474332     
   3.60599500000000        3.60599500000000      -0.140973289401746     
   3.60599500000000        3.90632791666667      -0.130933909192300     
   3.60599500000000        4.20666083333333      -0.121579830339382     
   3.60599500000000        4.50699375000000      -0.113009545859134     
   3.60599500000000        4.80732666666667      -0.105139891758758     
   3.60599500000000        5.10765958333333      -9.774439924000777E-002
   3.60599500000000        5.40799250000000      -9.061037378251530E-002
   3.60599500000000        5.70832541666667      -8.366282844931078E-002
   3.60599500000000        6.00865833333333      -7.694314470673766E-002
   3.60599500000000        6.30899125000000      -7.052519474604753E-002
   3.60599500000000        6.60932416666667      -6.489304360591712E-002
   3.60599500000000        6.90965708333333      -6.115674468825212E-002
   3.60599500000000        7.20999000000000      -5.881284117488178E-002
   3.90632791666667       2.000000000000000E-003 -0.359232618940444     
   3.90632791666667       0.302332916666667      -0.352431347960499     
   3.90632791666667       0.602665833333333      -0.326897269808349     
   3.90632791666667       0.902998750000000      -0.291867709701107     
   3.90632791666667        1.20333166666667      -0.258291144053009     
   3.90632791666667        1.50366458333333      -0.230959259271401     
   3.90632791666667        1.80399750000000      -0.209422231413309     
   3.90632791666667        2.10433041666667      -0.191832044114700     
   3.90632791666667        2.40466333333333      -0.177274927621532     
   3.90632791666667        2.70499625000000      -0.164980094108960     
   3.90632791666667        3.00532916666667      -0.154167468426520     
   3.90632791666667        3.30566208333333      -0.144189993213393     
   3.90632791666667        3.60599500000000      -0.134698060818281     
   3.90632791666667        3.90632791666667      -0.125654220498007     
   3.90632791666667        4.20666083333333      -0.117178030045564     
   3.90632791666667        4.50699375000000      -0.109334025395592     
   3.90632791666667        4.80732666666667      -0.102025803763619     
   3.90632791666667        5.10765958333333      -9.505880537589444E-002
   3.90632791666667        5.40799250000000      -8.828344774667697E-002
   3.90632791666667        5.70832541666667      -8.168771917229049E-002
   3.90632791666667        6.00865833333333      -7.535778055750861E-002
   3.90632791666667        6.30899125000000      -6.941919309650743E-002
   3.90632791666667        6.60932416666667      -6.432915367909708E-002
   3.90632791666667        6.90965708333333      -6.076887029301165E-002
   3.90632791666667        7.20999000000000      -5.802159116054779E-002
   4.20666083333333       2.000000000000000E-003 -0.299041916367972     
   4.20666083333333       0.302332916666667      -0.293624589740948     
   4.20666083333333       0.602665833333333      -0.276582285650198     
   4.20666083333333       0.902998750000000      -0.252514390601411     
   4.20666083333333        1.20333166666667      -0.227884341276407     
   4.20666083333333        1.50366458333333      -0.207291797724117     
   4.20666083333333        1.80399750000000      -0.190468280419951     
   4.20666083333333        2.10433041666667      -0.176513355944672     
   4.20666083333333        2.40466333333333      -0.164773020811301     
   4.20666083333333        2.70499625000000      -0.154609678872996     
   4.20666083333333        3.00532916666667      -0.145404282548975     
   4.20666083333333        3.30566208333333      -0.136691911846155     
   4.20666083333333        3.60599500000000      -0.128268689503962     
   4.20666083333333        3.90632791666667      -0.120163424283058     
   4.20666083333333        4.20666083333333      -0.112490650826870     
   4.20666083333333        4.50699375000000      -0.105293353770284     
   4.20666083333333        4.80732666666667      -9.848607960604162E-002
   4.20666083333333        5.10765958333333      -9.192483763052808E-002
   4.20666083333333        5.40799250000000      -8.552651558175803E-002
   4.20666083333333        5.70832541666667      -7.933217611261101E-002
   4.20666083333333        6.00865833333333      -7.346718220118006E-002
   4.20666083333333        6.30899125000000      -6.807067770686834E-002
   4.20666083333333        6.60932416666667      -6.346670965062870E-002
   4.20666083333333        6.90965708333333      -5.993038065331410E-002
   4.20666083333333        7.20999000000000      -5.697343748643285E-002
   4.50699375000000       2.000000000000000E-003 -0.240802675589152     
   4.50699375000000       0.302332916666667      -0.237854702035776     
   4.50699375000000       0.602665833333333      -0.228633000642596     
   4.50699375000000       0.902998750000000      -0.214613697645449     
   4.50699375000000        1.20333166666667      -0.199060619238777     
   4.50699375000000        1.50366458333333      -0.184785505372427     
   4.50699375000000        1.80399750000000      -0.172422531831385     
   4.50699375000000        2.10433041666667      -0.161862511538952     
   4.50699375000000        2.40466333333333      -0.152738085067732     
   4.50699375000000        2.70499625000000      -0.144563957807645     
   4.50699375000000        3.00532916666667      -0.136871567227242     
   4.50699375000000        3.30566208333333      -0.129348905649996     
   4.50699375000000        3.60599500000000      -0.121907135293971     
   4.50699375000000        3.90632791666667      -0.114627455705786     
   4.50699375000000        4.20666083333333      -0.107631057654012     
   4.50699375000000        4.50699375000000      -0.100968160199377     
   4.50699375000000        4.80732666666667      -9.459185274146566E-002
   4.50699375000000        5.10765958333333      -8.841987098879782E-002
   4.50699375000000        5.40799250000000      -8.242451689084829E-002
   4.50699375000000        5.70832541666667      -7.667245570563241E-002
   4.50699375000000        6.00865833333333      -7.128838036644902E-002
   4.50699375000000        6.30899125000000      -6.638775307278248E-002
   4.50699375000000        6.60932416666667      -6.209579420433860E-002
   4.50699375000000        6.90965708333333      -5.848806189507213E-002
   4.50699375000000        7.20999000000000      -5.525899824095482E-002
   4.80732666666667       2.000000000000000E-003 -0.195694294001078     
   4.80732666666667       0.302332916666667      -0.194598106322777     
   4.80732666666667       0.602665833333333      -0.190403684664832     
   4.80732666666667       0.902998750000000      -0.182811839472399     
   4.80732666666667        1.20333166666667      -0.173569413237173     
   4.80732666666667        1.50366458333333      -0.164310466086218     
   4.80732666666667        1.80399750000000      -0.155831236912188     
   4.80732666666667        2.10433041666667      -0.148302014228160     
   4.80732666666667        2.40466333333333      -0.141524115602750     
   4.80732666666667        2.70499625000000      -0.135136584201580     
   4.80732666666667        3.00532916666667      -0.128799263475579     
   4.80732666666667        3.30566208333333      -0.122324610432334     
   4.80732666666667        3.60599500000000      -0.115715682468294     
   4.80732666666667        3.90632791666667      -0.109103330915586     
   4.80732666666667        4.20666083333333      -0.102636398533643     
   4.80732666666667        4.50699375000000      -9.640136402531745E-002
   4.80732666666667        4.80732666666667      -9.040809615345403E-002
   4.80732666666667        5.10765958333333      -8.463410350899177E-002
   4.80732666666667        5.40799250000000      -7.908503947197754E-002
   4.80732666666667        5.70832541666667      -7.381872835726806E-002
   4.80732666666667        6.00865833333333      -6.891825717810754E-002
   4.80732666666667        6.30899125000000      -6.444575852172210E-002
   4.80732666666667        6.60932416666667      -6.041800582803054E-002
   4.80732666666667        6.90965708333333      -5.679682841055918E-002
   4.80732666666667        7.20999000000000      -5.344584490687103E-002
   5.10765958333333       2.000000000000000E-003 -0.162823811968405     
   5.10765958333333       0.302332916666667      -0.162362613831010     
   5.10765958333333       0.602665833333333      -0.160309330734547     
   5.10765958333333       0.902998750000000      -0.156840418349922     
   5.10765958333333        1.20333166666667      -0.152032269195724     
   5.10765958333333        1.50366458333333      -0.146650512659311     
   5.10765958333333        1.80399750000000      -0.141325746653882     
   5.10765958333333        2.10433041666667      -0.136287239749442     
   5.10765958333333        2.40466333333333      -0.131428800975980     
   5.10765958333333        2.70499625000000      -0.126491586106128     
   5.10765958333333        3.00532916666667      -0.121246147910580     
   5.10765958333333        3.30566208333333      -0.115606107858750     
   5.10765958333333        3.60599500000000      -0.109646791517600     
   5.10765958333333        3.90632791666667      -0.103544918524731     
   5.10765958333333        4.20666083333333      -9.748968408507622E-002
   5.10765958333333        4.50699375000000      -9.161870892820173E-002
   5.10765958333333        4.80732666666667      -8.600118407645588E-002
   5.10765958333333        5.10765958333333      -8.066065743935953E-002
   5.10765958333333        5.40799250000000      -7.561073470439621E-002
   5.10765958333333        5.70832541666667      -7.087305364868723E-002
   5.10765958333333        6.00865833333333      -6.646821614551467E-002
   5.10765958333333        6.30899125000000      -6.239628985062449E-002
   5.10765958333333        6.60932416666667      -5.862860025793781E-002
   5.10765958333333        6.90965708333333      -5.512253628955741E-002
   5.10765958333333        7.20999000000000      -5.181340146113185E-002
   5.40799250000000       2.000000000000000E-003 -0.138423548215792     
   5.40799250000000       0.302332916666667      -0.138353057386294     
   5.40799250000000       0.602665833333333      -0.137830294537447     
   5.40799250000000       0.902998750000000      -0.136608169747489     
   5.40799250000000        1.20333166666667      -0.134764803360622     
   5.40799250000000        1.50366458333333      -0.132294432813582     
   5.40799250000000        1.80399750000000      -0.129275054228298     
   5.40799250000000        2.10433041666667      -0.126005766683057     
   5.40799250000000        2.40466333333333      -0.122481816464513     
   5.40799250000000        2.70499625000000      -0.118545721635392     
   5.40799250000000        3.00532916666667      -0.114066532782795     
   5.40799250000000        3.30566208333333      -0.109035001557305     
   5.40799250000000        3.60599500000000      -0.103572338427233     
   5.40799250000000        3.90632791666667      -9.788293146223551E-002
   5.40799250000000        4.20666083333333      -9.218889533634668E-002
   5.40799250000000        4.50699375000000      -8.667467231081841E-002
   5.40799250000000        4.80732666666667      -8.145800233588024E-002
   5.40799250000000        5.10765958333333      -7.658990883646830E-002
   5.40799250000000        5.40799250000000      -7.207330845450333E-002
   5.40799250000000        5.70832541666667      -6.788387289379366E-002
   5.40799250000000        6.00865833333333      -6.398093873715846E-002
   5.40799250000000        6.30899125000000      -6.031560219282255E-002
   5.40799250000000        6.60932416666667      -5.685582495574242E-002
   5.40799250000000        6.90965708333333      -5.356096738360433E-002
   5.40799250000000        7.20999000000000      -5.040223949737006E-002
   5.70832541666667       2.000000000000000E-003 -0.121404590712475     
   5.70832541666667       0.302332916666667      -0.121816692776345     
   5.70832541666667       0.602665833333333      -0.122411722430336     
   5.70832541666667       0.902998750000000      -0.122627406290127     
   5.70832541666667        1.20333166666667      -0.122243343193693     
   5.70832541666667        1.50366458333333      -0.121242941669102     
   5.70832541666667        1.80399750000000      -0.119526503326495     
   5.70832541666667        2.10433041666667      -0.117210664701117     
   5.70832541666667        2.40466333333333      -0.114394913224800     
   5.70832541666667        2.70499625000000      -0.111014563008525     
   5.70832541666667        3.00532916666667      -0.107018191597005     
   5.70832541666667        3.30566208333333      -0.102442963573627     
   5.70832541666667        3.60599500000000      -9.741575571005684E-002
   5.70832541666667        3.90632791666667      -9.212997986430632E-002
   5.70832541666667        4.20666083333333      -8.681614662690526E-002
   5.70832541666667        4.50699375000000      -8.168968551048701E-002
   5.70832541666667        4.80732666666667      -7.689960445519360E-002
   5.70832541666667        5.10765958333333      -7.250902355702750E-002
   5.70832541666667        5.40799250000000      -6.850570021182006E-002
   5.70832541666667        5.70832541666667      -6.483245345969120E-002
   5.70832541666667        6.00865833333333      -6.141560186478165E-002
   5.70832541666667        6.30899125000000      -5.819199001933973E-002
   5.70832541666667        6.60932416666667      -5.510373094870640E-002
   5.70832541666667        6.90965708333333      -5.208928642138186E-002
   5.70832541666667        7.20999000000000      -4.911732247345767E-002
   6.00865833333333       2.000000000000000E-003 -0.109918154491265     
   6.00865833333333       0.302332916666667      -0.110814145555839     
   6.00865833333333       0.602665833333333      -0.112347199525870     
   6.00865833333333       0.902998750000000      -0.113280701592956     
   6.00865833333333        1.20333166666667      -0.113361708999068     
   6.00865833333333        1.50366458333333      -0.112742925668058     
   6.00865833333333        1.80399750000000      -0.111416490159298     
   6.00865833333333        2.10433041666667      -0.109337946723550     
   6.00865833333333        2.40466333333333      -0.106737417800016     
   6.00865833333333        2.70499625000000      -0.103604958468889     
   6.00865833333333        3.00532916666667      -9.993704340360594E-002
   6.00865833333333        3.30566208333333      -9.578942061839525E-002
   6.00865833333333        3.60599500000000      -9.124763516089462E-002
   6.00865833333333        3.90632791666667      -8.642984572260508E-002
   6.00865833333333        4.20666083333333      -8.154662957762081E-002
   6.00865833333333        4.50699375000000      -7.683912957369456E-002
   6.00865833333333        4.80732666666667      -7.246773889516281E-002
   6.00865833333333        5.10765958333333      -6.849707232665742E-002
   6.00865833333333        5.40799250000000      -6.491157931772164E-002
   6.00865833333333        5.70832541666667      -6.169001171597398E-002
   6.00865833333333        6.00865833333333      -5.874031129814297E-002
   6.00865833333333        6.30899125000000      -5.596228486821315E-002
   6.00865833333333        6.60932416666667      -5.327266079727611E-002
   6.00865833333333        6.90965708333333      -5.058286807902656E-002
   6.00865833333333        7.20999000000000      -4.782383403894983E-002
   6.30899125000000       2.000000000000000E-003 -0.101449163922461     
   6.30899125000000       0.302332916666667      -0.103130374835383     
   6.30899125000000       0.602665833333333      -0.105558184604549     
   6.30899125000000       0.902998750000000      -0.106562868485291     
   6.30899125000000        1.20333166666667      -0.106361063100524     
   6.30899125000000        1.50366458333333      -0.105462268426321     
   6.30899125000000        1.80399750000000      -0.103978138508605     
   6.30899125000000        2.10433041666667      -0.101827493897132     
   6.30899125000000        2.40466333333333      -9.921060666907573E-002
   6.30899125000000        2.70499625000000      -9.620176214659892E-002
   6.30899125000000        3.00532916666667      -9.279514205411719E-002
   6.30899125000000        3.30566208333333      -8.912052781884192E-002
   6.30899125000000        3.60599500000000      -8.521575699735964E-002
   6.30899125000000        3.90632791666667      -8.100149576650986E-002
   6.30899125000000        4.20666083333333      -7.658663035246138E-002
   6.30899125000000        4.50699375000000      -7.227967768079552E-002
   6.30899125000000        4.80732666666667      -6.828200621663016E-002
   6.30899125000000        5.10765958333333      -6.461212426985280E-002
   6.30899125000000        5.40799250000000      -6.133224972254592E-002
   6.30899125000000        5.70832541666667      -5.848970425033393E-002
   6.30899125000000        6.00865833333333      -5.593943054765823E-002
   6.30899125000000        6.30899125000000      -5.353023776834678E-002
   6.30899125000000        6.60932416666667      -5.116725198937862E-002
   6.30899125000000        6.90965708333333      -4.881185293984284E-002
   6.30899125000000        7.20999000000000      -4.634387459016309E-002
   6.60932416666667       2.000000000000000E-003 -9.383085819174150E-002
   6.60932416666667       0.302332916666667      -9.675737024978245E-002
   6.60932416666667       0.602665833333333      -9.964970803105075E-002
   6.60932416666667       0.902998750000000      -0.100310533186460     
   6.60932416666667        1.20333166666667      -9.967707183052124E-002
   6.60932416666667        1.50366458333333      -9.839637218870743E-002
   6.60932416666667        1.80399750000000      -9.664851623231809E-002
   6.60932416666667        2.10433041666667      -9.442463896550610E-002
   6.60932416666667        2.40466333333333      -9.182339225815336E-002
   6.60932416666667        2.70499625000000      -8.890020194215349E-002
   6.60932416666667        3.00532916666667      -8.574074786074382E-002
   6.60932416666667        3.30566208333333      -8.275040866456702E-002
   6.60932416666667        3.60599500000000      -7.981860435600700E-002
   6.60932416666667        3.90632791666667      -7.631535127762722E-002
   6.60932416666667        4.20666083333333      -7.230428037473911E-002
   6.60932416666667        4.50699375000000      -6.818546159350958E-002
   6.60932416666667        4.80732666666667      -6.440174910088090E-002
   6.60932416666667        5.10765958333333      -6.088999237084268E-002
   6.60932416666667        5.40799250000000      -5.784426626631435E-002
   6.60932416666667        5.70832541666667      -5.529302823487224E-002
   6.60932416666667        6.00865833333333      -5.305461991081574E-002
   6.60932416666667        6.30899125000000      -5.087245421708449E-002
   6.60932416666667        6.60932416666667      -4.858868667974272E-002
   6.60932416666667        6.90965708333333      -4.649923474207586E-002
   6.60932416666667        7.20999000000000      -4.457492231014190E-002
   6.90965708333333       2.000000000000000E-003 -8.969054153818280E-002
   6.90965708333333       0.302332916666667      -9.243268117322936E-002
   6.90965708333333       0.602665833333333      -9.272516406669382E-002
   6.90965708333333       0.902998750000000      -9.315794024232862E-002
   6.90965708333333        1.20333166666667      -9.257498042430908E-002
   6.90965708333333        1.50366458333333      -9.123427643430172E-002
   6.90965708333333        1.80399750000000      -8.943805306114720E-002
   6.90965708333333        2.10433041666667      -8.728069775332846E-002
   6.90965708333333        2.40466333333333      -8.486444759260932E-002
   6.90965708333333        2.70499625000000      -8.212059306806797E-002
   6.90965708333333        3.00532916666667      -7.939464627901983E-002
   6.90965708333333        3.30566208333333      -7.757000994398272E-002
   6.90965708333333        3.60599500000000      -7.607040761060999E-002
   6.90965708333333        3.90632791666667      -7.281919981172297E-002
   6.90965708333333        4.20666083333333      -6.894055290780879E-002
   6.90965708333333        4.50699375000000      -6.473390982154978E-002
   6.90965708333333        4.80732666666667      -6.083591063165381E-002
   6.90965708333333        5.10765958333333      -5.739207765614814E-002
   6.90965708333333        5.40799250000000      -5.449508048620404E-002
   6.90965708333333        5.70832541666667      -5.218025040309790E-002
   6.90965708333333        6.00865833333333      -5.022523965865818E-002
   6.90965708333333        6.30899125000000      -4.826551271323027E-002
   6.90965708333333        6.60932416666667      -4.594135808293511E-002
   6.90965708333333        6.90965708333333      -4.399903242833623E-002
   6.90965708333333        7.20999000000000      -4.298155678522243E-002
   7.20999000000000       2.000000000000000E-003 -8.958843081518945E-002
   7.20999000000000       0.302332916666667      -8.937665072037256E-002
   7.20999000000000       0.602665833333333      -8.694441675509927E-002
   7.20999000000000       0.902998750000000      -8.634892919949221E-002
   7.20999000000000        1.20333166666667      -8.553613630925153E-002
   7.20999000000000        1.50366458333333      -8.426622068160006E-002
   7.20999000000000        1.80399750000000      -8.264214369606382E-002
   7.20999000000000        2.10433041666667      -8.075338469788984E-002
   7.20999000000000        2.40466333333333      -7.869482040700039E-002
   7.20999000000000        2.70499625000000      -7.642965896946544E-002
   7.20999000000000        3.00532916666667      -7.445907837268903E-002
   7.20999000000000        3.30566208333333      -7.375930932387771E-002
   7.20999000000000        3.60599500000000      -7.305394075137957E-002
   7.20999000000000        3.90632791666667      -6.979884082478410E-002
   7.20999000000000        4.20666083333333      -6.612031767762987E-002
   7.20999000000000        4.50699375000000      -6.164676392999099E-002
   7.20999000000000        4.80732666666667      -5.753628721916348E-002
   7.20999000000000        5.10765958333333      -5.408001488302878E-002
   7.20999000000000        5.40799250000000      -5.131789252603332E-002
   7.20999000000000        5.70832541666667      -4.920519973130620E-002
   7.20999000000000        6.00865833333333      -4.755140063015306E-002
   7.20999000000000        6.30899125000000      -4.603767781061270E-002
   7.20999000000000        6.60932416666667      -4.435034998074901E-002
   7.20999000000000        6.90965708333333      -4.282347294247392E-002
   7.20999000000000        7.20999000000000      -4.133667490232577E-002
