  2.000000000000000E-003  2.000000000000000E-003  -1.79973040630343     
  2.000000000000000E-003  0.302332916666667       -1.75343443765908     
  2.000000000000000E-003  0.602665833333333       -1.45024440443598     
  2.000000000000000E-003  0.902998750000000       -1.09526572613039     
  2.000000000000000E-003   1.20333166666667      -0.819856723820127     
  2.000000000000000E-003   1.50366458333333      -0.623773010538591     
  2.000000000000000E-003   1.80399750000000      -0.484682144062734     
  2.000000000000000E-003   2.10433041666667      -0.384398487656832     
  2.000000000000000E-003   2.40466333333333      -0.309505159824998     
  2.000000000000000E-003   2.70499625000000      -0.253469562507481     
  2.000000000000000E-003   3.00532916666667      -0.214785017166457     
  2.000000000000000E-003   3.30566208333333      -0.194331527633723     
  2.000000000000000E-003   3.60599500000000      -0.184904097335872     
  2.000000000000000E-003   3.90632791666667      -0.155053591361927     
  2.000000000000000E-003   4.20666083333333      -0.132750582689272     
  2.000000000000000E-003   4.50699375000000      -0.117155862625691     
  2.000000000000000E-003   4.80732666666667      -0.105839791596944     
  2.000000000000000E-003   5.10765958333333      -9.663597261972490E-002
  2.000000000000000E-003   5.40799250000000      -8.864631824753055E-002
  2.000000000000000E-003   5.70832541666667      -8.195202100020541E-002
  2.000000000000000E-003   6.00865833333333      -7.573193398361037E-002
  2.000000000000000E-003   6.30899125000000      -6.863276685314099E-002
  2.000000000000000E-003   6.60932416666667      -5.977212453212749E-002
  2.000000000000000E-003   6.90965708333333      -5.276680039548146E-002
  2.000000000000000E-003   7.20999000000000      -5.011499991388071E-002
  0.302332916666667       2.000000000000000E-003  -1.75341655175667     
  0.302332916666667       0.302332916666667       -1.61002235737848     
  0.302332916666667       0.602665833333333       -1.33230078788795     
  0.302332916666667       0.902998750000000       -1.03198006672604     
  0.302332916666667        1.20333166666667      -0.787161481830623     
  0.302332916666667        1.50366458333333      -0.606222364638257     
  0.302332916666667        1.80399750000000      -0.475136987009593     
  0.302332916666667        2.10433041666667      -0.379573827878314     
  0.302332916666667        2.40466333333333      -0.308226401067450     
  0.302332916666667        2.70499625000000      -0.254890286767752     
  0.302332916666667        3.00532916666667      -0.218900397928198     
  0.302332916666667        3.30566208333333      -0.199691105826912     
  0.302332916666667        3.60599500000000      -0.186359990634581     
  0.302332916666667        3.90632791666667      -0.160354671559166     
  0.302332916666667        4.20666083333333      -0.136017732603872     
  0.302332916666667        4.50699375000000      -0.118827737478787     
  0.302332916666667        4.80732666666667      -0.106804795637388     
  0.302332916666667        5.10765958333333      -9.717653735928339E-002
  0.302332916666667        5.40799250000000      -8.902779919480219E-002
  0.302332916666667        5.70832541666667      -8.232108734543041E-002
  0.302332916666667        6.00865833333333      -7.616558908492728E-002
  0.302332916666667        6.30899125000000      -6.936353378186533E-002
  0.302332916666667        6.60932416666667      -6.116305977278690E-002
  0.302332916666667        6.90965708333333      -5.417415869784133E-002
  0.302332916666667        7.20999000000000      -5.176389329164537E-002
  0.602665833333333       2.000000000000000E-003  -1.45022126211648     
  0.602665833333333       0.302332916666667       -1.33228783458560     
  0.602665833333333       0.602665833333333       -1.11197785314186     
  0.602665833333333       0.902998750000000      -0.893625594037655     
  0.602665833333333        1.20333166666667      -0.707014693729990     
  0.602665833333333        1.50366458333333      -0.560083008841876     
  0.602665833333333        1.80399750000000      -0.448514453270542     
  0.602665833333333        2.10433041666667      -0.364916001876219     
  0.602665833333333        2.40466333333333      -0.302281597072902     
  0.602665833333333        2.70499625000000      -0.255222132403911     
  0.602665833333333        3.00532916666667      -0.223479071718815     
  0.602665833333333        3.30566208333333      -0.203930466818493     
  0.602665833333333        3.60599500000000      -0.187003096703841     
  0.602665833333333        3.90632791666667      -0.163803655287821     
  0.602665833333333        4.20666083333333      -0.139971904220378     
  0.602665833333333        4.50699375000000      -0.121539087368743     
  0.602665833333333        4.80732666666667      -0.108505143550045     
  0.602665833333333        5.10765958333333      -9.812595240629508E-002
  0.602665833333333        5.40799250000000      -8.979925402470496E-002
  0.602665833333333        5.70832541666667      -8.306084064444705E-002
  0.602665833333333        6.00865833333333      -7.706314120975918E-002
  0.602665833333333        6.30899125000000      -7.092750477113258E-002
  0.602665833333333        6.60932416666667      -6.427217016912500E-002
  0.602665833333333        6.90965708333333      -5.838002290251033E-002
  0.602665833333333        7.20999000000000      -5.486922280892286E-002
  0.902998750000000       2.000000000000000E-003  -1.09525029373314     
  0.902998750000000       0.302332916666667       -1.03196866937945     
  0.902998750000000       0.602665833333333      -0.893621136094063     
  0.902998750000000       0.902998750000000      -0.744815164361218     
  0.902998750000000        1.20333166666667      -0.611292112343487     
  0.902998750000000        1.50366458333333      -0.500239989379244     
  0.902998750000000        1.80399750000000      -0.411798461099527     
  0.902998750000000        2.10433041666667      -0.343179951287991     
  0.902998750000000        2.40466333333333      -0.290505097696653     
  0.902998750000000        2.70499625000000      -0.250598014262507     
  0.902998750000000        3.00532916666667      -0.221825746474613     
  0.902998750000000        3.30566208333333      -0.201023947452844     
  0.902998750000000        3.60599500000000      -0.182126579880626     
  0.902998750000000        3.90632791666667      -0.161133753193375     
  0.902998750000000        4.20666083333333      -0.140156634362182     
  0.902998750000000        4.50699375000000      -0.122766204383211     
  0.902998750000000        4.80732666666667      -0.109486907330028     
  0.902998750000000        5.10765958333333      -9.905286560951986E-002
  0.902998750000000        5.40799250000000      -9.069579706536816E-002
  0.902998750000000        5.70832541666667      -8.398534000194019E-002
  0.902998750000000        6.00865833333333      -7.813608257926651E-002
  0.902998750000000        6.30899125000000      -7.254085650867526E-002
  0.902998750000000        6.60932416666667      -6.700009019251030E-002
  0.902998750000000        6.90965708333333      -6.195051187404966E-002
  0.902998750000000        7.20999000000000      -5.787598048064371E-002
   1.20333166666667       2.000000000000000E-003 -0.819847125745552     
   1.20333166666667       0.302332916666667      -0.787153395342225     
   1.20333166666667       0.602665833333333      -0.707009729967444     
   1.20333166666667       0.902998750000000      -0.611290022427579     
   1.20333166666667        1.20333166666667      -0.519283064653341     
   1.20333166666667        1.50366458333333      -0.438748020424833     
   1.20333166666667        1.80399750000000      -0.371721414834148     
   1.20333166666667        2.10433041666667      -0.317482584353005     
   1.20333166666667        2.40466333333333      -0.274357825036664     
   1.20333166666667        2.70499625000000      -0.240691085069686     
   1.20333166666667        3.00532916666667      -0.214602074089687     
   1.20333166666667        3.30566208333333      -0.193661276232442     
   1.20333166666667        3.60599500000000      -0.174631830549978     
   1.20333166666667        3.90632791666667      -0.155658392988138     
   1.20333166666667        4.20666083333333      -0.137593602728125     
   1.20333166666667        4.50699375000000      -0.122057339538267     
   1.20333166666667        4.80732666666667      -0.109499714990219     
   1.20333166666667        5.10765958333333      -9.953051179868468E-002
   1.20333166666667        5.40799250000000      -9.147926850292598E-002
   1.20333166666667        5.70832541666667      -8.485626643088069E-002
   1.20333166666667        6.00865833333333      -7.908857562584304E-002
   1.20333166666667        6.30899125000000      -7.373894756803576E-002
   1.20333166666667        6.60932416666667      -6.866017291312226E-002
   1.20333166666667        6.90965708333333      -6.396191716000738E-002
   1.20333166666667        7.20999000000000      -5.979499988846525E-002
   1.50366458333333       2.000000000000000E-003 -0.623766135367644     
   1.50366458333333       0.302332916666667      -0.606216105305686     
   1.50366458333333       0.602665833333333      -0.560078173120917     
   1.50366458333333       0.902998750000000      -0.500236855181419     
   1.50366458333333        1.20333166666667      -0.438746546805222     
   1.50366458333333        1.50366458333333      -0.382078031969101     
   1.50366458333333        1.80399750000000      -0.332593763695061     
   1.50366458333333        2.10433041666667      -0.290671731312638     
   1.50366458333333        2.40466333333333      -0.256088031170135     
   1.50366458333333        2.70499625000000      -0.227925809966205     
   1.50366458333333        3.00532916666667      -0.204770091288755     
   1.50366458333333        3.30566208333333      -0.184945305793221     
   1.50366458333333        3.60599500000000      -0.166896192763596     
   1.50366458333333        3.90632791666667      -0.149852069720421     
   1.50366458333333        4.20666083333333      -0.134092316923926     
   1.50366458333333        4.50699375000000      -0.120300835309172     
   1.50366458333333        4.80732666666667      -0.108830617516654     
   1.50366458333333        5.10765958333333      -9.952200389805428E-002
   1.50366458333333        5.40799250000000      -9.189306534098080E-002
   1.50366458333333        5.70832541666667      -8.542688345846167E-002
   1.50366458333333        6.00865833333333      -7.969548160944065E-002
   1.50366458333333        6.30899125000000      -7.440534746027407E-002
   1.50366458333333        6.60932416666667      -6.946364689978426E-002
   1.50366458333333        6.90965708333333      -6.490813848868750E-002
   1.50366458333333        7.20999000000000      -6.079974739607956E-002
   1.80399750000000       2.000000000000000E-003 -0.484676582422730     
   1.80399750000000       0.302332916666667      -0.475131708667757     
   1.80399750000000       0.602665833333333      -0.448509854001783     
   1.80399750000000       0.902998750000000      -0.411794833046626     
   1.80399750000000        1.20333166666667      -0.371718959923748     
   1.80399750000000        1.50366458333333      -0.332592539876289     
   1.80399750000000        1.80399750000000      -0.296557656537555     
   1.80399750000000        2.10433041666667      -0.264752470243127     
   1.80399750000000        2.40466333333333      -0.237421084397209     
   1.80399750000000        2.70499625000000      -0.214119481878983     
   1.80399750000000        3.00532916666667      -0.193990898540881     
   1.80399750000000        3.30566208333333      -0.176069982118984     
   1.80399750000000        3.60599500000000      -0.159600688552527     
   1.80399750000000        3.90632791666667      -0.144293032359045     
   1.80399750000000        4.20666083333333      -0.130330153531090     
   1.80399750000000        4.50699375000000      -0.118070403693249     
   1.80399750000000        4.80732666666667      -0.107695504455205     
   1.80399750000000        5.10765958333333      -9.906392850171802E-002
   1.80399750000000        5.40799250000000      -9.179644496598173E-002
   1.80399750000000        5.70832541666667      -8.547175396614874E-002
   1.80399750000000        6.00865833333333      -7.977702502485093E-002
   1.80399750000000        6.30899125000000      -7.449891289015209E-002
   1.80399750000000        6.60932416666667      -6.960851407039505E-002
   1.80399750000000        6.90965708333333      -6.515932343247721E-002
   1.80399750000000        7.20999000000000      -6.117669313394736E-002
   2.10433041666667       2.000000000000000E-003 -0.384394019776427     
   2.10433041666667       0.302332916666667      -0.379569498168158     
   2.10433041666667       0.602665833333333      -0.364911863802938     
   2.10433041666667       0.902998750000000      -0.343176180446084     
   2.10433041666667        1.20333166666667      -0.317479427469485     
   2.10433041666667        1.50366458333333      -0.290669470862951     
   2.10433041666667        1.80399750000000      -0.264751315185506     
   2.10433041666667        2.10433041666667      -0.240850339686292     
   2.10433041666667        2.40466333333333      -0.219363183959196     
   2.10433041666667        2.70499625000000      -0.200169982990157     
   2.10433041666667        3.00532916666667      -0.182871189366498     
   2.10433041666667        3.30566208333333      -0.167020993289377     
   2.10433041666667        3.60599500000000      -0.152321215997522     
   2.10433041666667        3.90632791666667      -0.138722982643556     
   2.10433041666667        4.20666083333333      -0.126385171534001     
   2.10433041666667        4.50699375000000      -0.115506670418432     
   2.10433041666667        4.80732666666667      -0.106144923381583     
   2.10433041666667        5.10765958333333      -9.814165802055624E-002
   2.10433041666667        5.40799250000000      -9.118701071743877E-002
   2.10433041666667        5.70832541666667      -8.495963097266218E-002
   2.10433041666667        6.00865833333333      -7.924595287965339E-002
   2.10433041666667        6.30899125000000      -7.397480151130290E-002
   2.10433041666667        6.60932416666667      -6.917327226033790E-002
   2.10433041666667        6.90965708333333      -6.489650647496149E-002
   2.10433041666667        7.20999000000000      -6.115076094532820E-002
   2.40466333333333       2.000000000000000E-003 -0.309501722890079     
   2.40466333333333       0.302332916666667      -0.308222930149145     
   2.40466333333333       0.602665833333333      -0.302277850127192     
   2.40466333333333       0.902998750000000      -0.290501162553010     
   2.40466333333333        1.20333166666667      -0.274354079326285     
   2.40466333333333        1.50366458333333      -0.256084922351382     
   2.40466333333333        1.80399750000000      -0.237418945622718     
   2.40466333333333        2.10433041666667      -0.219362145391841     
   2.40466333333333        2.40466333333333      -0.202362220443671     
   2.40466333333333        2.70499625000000      -0.186512513865645     
   2.40466333333333        3.00532916666667      -0.171732156419201     
   2.40466333333333        3.30566208333333      -0.157910726615712     
   2.40466333333333        3.60599500000000      -0.145004872086144     
   2.40466333333333        3.90632791666667      -0.133073300109918     
   2.40466333333333        4.20666083333333      -0.122240063618289     
   2.40466333333333        4.50699375000000      -0.112603290985870     
   2.40466333333333        4.80732666666667      -0.104144977853550     
   2.40466333333333        5.10765958333333      -9.670433318317179E-002
   2.40466333333333        5.40799250000000      -9.003456773280238E-002
   2.40466333333333        5.70832541666667      -8.390548148360404E-002
   2.40466333333333        6.00865833333333      -7.819044534942407E-002
   2.40466333333333        6.30899125000000      -7.290052984584382E-002
   2.40466333333333        6.60932416666667      -6.817069557024033E-002
   2.40466333333333        6.90965708333333      -6.418143029544138E-002
   2.40466333333333        7.20999000000000      -6.091102300683861E-002
   2.70499625000000       2.000000000000000E-003 -0.253467325335120     
   2.70499625000000       0.302332916666667      -0.254887741345765     
   2.70499625000000       0.602665833333333      -0.255218666238203     
   2.70499625000000       0.902998750000000      -0.250593850898143     
   2.70499625000000        1.20333166666667      -0.240686836984184     
   2.70499625000000        1.50366458333333      -0.227922053958750     
   2.70499625000000        1.80399750000000      -0.214116597363444     
   2.70499625000000        2.10433041666667      -0.200168125251498     
   2.70499625000000        2.40466333333333      -0.186511652172421     
   2.70499625000000        2.70499625000000      -0.173352190358015     
   2.70499625000000        3.00532916666667      -0.160789386537193     
   2.70499625000000        3.30566208333333      -0.148887947671236     
   2.70499625000000        3.60599500000000      -0.137715377670060     
   2.70499625000000        3.90632791666667      -0.127353319701494     
   2.70499625000000        4.20666083333333      -0.117881170842596     
   2.70499625000000        4.50699375000000      -0.109333946895846     
   2.70499625000000        4.80732666666667      -0.101660881481289     
   2.70499625000000        5.10765958333333      -9.472094645544102E-002
   2.70499625000000        5.40799250000000      -8.832789686017087E-002
   2.70499625000000        5.70832541666667      -8.232091393608339E-002
   2.70499625000000        6.00865833333333      -7.662011233890517E-002
   2.70499625000000        6.30899125000000      -7.125483129168203E-002
   2.70499625000000        6.60932416666667      -6.651696969875134E-002
   2.70499625000000        6.90965708333333      -6.295068046393454E-002
   2.70499625000000        7.20999000000000      -6.049806074778893E-002
   3.00532916666667       2.000000000000000E-003 -0.214783685342175     
   3.00532916666667       0.302332916666667      -0.218898381604510     
   3.00532916666667       0.602665833333333      -0.223475355445626     
   3.00532916666667       0.902998750000000      -0.221820975749070     
   3.00532916666667        1.20333166666667      -0.214597261612476     
   3.00532916666667        1.50366458333333      -0.204765845663036     
   3.00532916666667        1.80399750000000      -0.193987510721883     
   3.00532916666667        2.10433041666667      -0.182868760357551     
   3.00532916666667        2.40466333333333      -0.171730647377817     
   3.00532916666667        2.70499625000000      -0.160788690955497     
   3.00532916666667        3.00532916666667      -0.150202748953206     
   3.00532916666667        3.30566208333333      -0.140090419498460     
   3.00532916666667        3.60599500000000      -0.130534556979143     
   3.00532916666667        3.90632791666667      -0.121594994077924     
   3.00532916666667        4.20666083333333      -0.113313768293412     
   3.00532916666667        4.50699375000000      -0.105698465222726     
   3.00532916666667        4.80732666666667      -9.870058390156435E-002
   3.00532916666667        5.10765958333333      -9.221563882369914E-002
   3.00532916666667        5.40799250000000      -8.611263588848279E-002
   3.00532916666667        5.70832541666667      -8.027444361270533E-002
   3.00532916666667        6.00865833333333      -7.460958882707168E-002
   3.00532916666667        6.30899125000000      -6.910131681311833E-002
   3.00532916666667        6.60932416666667      -6.432393334129741E-002
   3.00532916666667        6.90965708333333      -6.123142436146384E-002
   3.00532916666667        7.20999000000000      -5.992540227121873E-002
   3.30566208333333       2.000000000000000E-003 -0.194328885348990     
   3.30566208333333       0.302332916666667      -0.199687378086083     
   3.30566208333333       0.602665833333333      -0.203924814902473     
   3.30566208333333       0.902998750000000      -0.201017711746857     
   3.30566208333333        1.20333166666667      -0.193655652343810     
   3.30566208333333        1.50366458333333      -0.184940688393847     
   3.30566208333333        1.80399750000000      -0.176066318697340     
   3.30566208333333        2.10433041666667      -0.167018237837762     
   3.30566208333333        2.40466333333333      -0.157908791795004     
   3.30566208333333        2.70499625000000      -0.148886734661436     
   3.30566208333333        3.00532916666667      -0.140089849480522     
   3.30566208333333        3.30566208333333      -0.131616354107770     
   3.30566208333333        3.60599500000000      -0.123518679908665     
   3.30566208333333        3.90632791666667      -0.115823849249939     
   3.30566208333333        4.20666083333333      -0.108557309829175     
   3.30566208333333        4.50699375000000      -0.101730615242199     
   3.30566208333333        4.80732666666667      -9.532047544440558E-002
   3.30566208333333        5.10765958333333      -8.926625833997079E-002
   3.30566208333333        5.40799250000000      -8.348593535921586E-002
   3.30566208333333        5.70832541666667      -7.789361137411763E-002
   3.30566208333333        6.00865833333333      -7.236570861621634E-002
   3.30566208333333        6.30899125000000      -6.691926127964985E-002
   3.30566208333333        6.60932416666667      -6.218973784214544E-002
   3.30566208333333        6.90965708333333      -5.949391835881795E-002
   3.30566208333333        7.20999000000000      -5.908273147987805E-002
   3.60599500000000       2.000000000000000E-003 -0.184900246283416     
   3.60599500000000       0.302332916666667      -0.186352740725737     
   3.60599500000000       0.602665833333333      -0.186994238298969     
   3.60599500000000       0.902998750000000      -0.182118470550426     
   3.60599500000000        1.20333166666667      -0.174625424589398     
   3.60599500000000        1.50366458333333      -0.166891412928772     
   3.60599500000000        1.80399750000000      -0.159597002025020     
   3.60599500000000        2.10433041666667      -0.152318392567321     
   3.60599500000000        2.40466333333333      -0.145002756794189     
   3.60599500000000        2.70499625000000      -0.137713862387213     
   3.60599500000000        3.00532916666667      -0.130533586868628     
   3.60599500000000        3.30566208333333      -0.123518225127278     
   3.60599500000000        3.60599500000000      -0.116687865013745     
   3.60599500000000        3.90632791666667      -0.110052296276779     
   3.60599500000000        4.20666083333333      -0.103642216628209     
   3.60599500000000        4.50699375000000      -9.749131096648929E-002
   3.60599500000000        4.80732666666667      -9.160977930955190E-002
   3.60599500000000        5.10765958333333      -8.597862227318757E-002
   3.60599500000000        5.40799250000000      -8.055934790781485E-002
   3.60599500000000        5.70832541666667      -7.530610043119564E-002
   3.60599500000000        6.00865833333333      -7.013882099003839E-002
   3.60599500000000        6.30899125000000      -6.517887632793845E-002
   3.60599500000000        6.60932416666667      -6.106968731494332E-002
   3.60599500000000        6.90965708333333      -5.894777628731515E-002
   3.60599500000000        7.20999000000000      -5.777801648972269E-002
   3.90632791666667       2.000000000000000E-003 -0.155046170130500     
   3.90632791666667       0.302332916666667      -0.160344771532940     
   3.90632791666667       0.602665833333333      -0.163793002128722     
   3.90632791666667       0.902998750000000      -0.161124837576359     
   3.90632791666667        1.20333166666667      -0.155651957768854     
   3.90632791666667        1.50366458333333      -0.149847538833182     
   3.90632791666667        1.80399750000000      -0.144289637396693     
   3.90632791666667        2.10433041666667      -0.138720386610471     
   3.90632791666667        2.40466333333333      -0.133071295180002     
   3.90632791666667        2.70499625000000      -0.127351778923162     
   3.90632791666667        3.00532916666667      -0.121593867641030     
   3.90632791666667        3.30566208333333      -0.115823131700477     
   3.90632791666667        3.60599500000000      -0.110051970417519     
   3.90632791666667        3.90632791666667      -0.104300550108669     
   3.90632791666667        4.20666083333333      -9.861748490169751E-002
   3.90632791666667        4.50699375000000      -9.306081159479819E-002
   3.90632791666667        4.80732666666667      -8.766981296156144E-002
   3.90632791666667        5.10765958333333      -8.245730390336128E-002
   3.90632791666667        5.40799250000000      -7.742032880578661E-002
   3.90632791666667        5.70832541666667      -7.256138784954762E-002
   3.90632791666667        6.00865833333333      -6.790353677214982E-002
   3.90632791666667        6.30899125000000      -6.366591622599144E-002
   3.90632791666667        6.60932416666667      -6.043138985864802E-002
   3.90632791666667        6.90965708333333      -5.854201670304316E-002
   3.90632791666667        7.20999000000000      -5.612969544790228E-002
   4.20666083333333       2.000000000000000E-003 -0.132741234213913     
   4.20666083333333       0.302332916666667      -0.136007687722023     
   4.20666083333333       0.602665833333333      -0.139962209953755     
   4.20666083333333       0.902998750000000      -0.140148828621719     
   4.20666083333333        1.20333166666667      -0.137588208522640     
   4.20666083333333        1.50366458333333      -0.134088528114809     
   4.20666083333333        1.80399750000000      -0.130327395379386     
   4.20666083333333        2.10433041666667      -0.126383120961818     
   4.20666083333333        2.40466333333333      -0.122238491792623     
   4.20666083333333        2.70499625000000      -0.117879927368748     
   4.20666083333333        3.00532916666667      -0.113312786840345     
   4.20666083333333        3.30566208333333      -0.108556582979150     
   4.20666083333333        3.60599500000000      -0.103641748886876     
   4.20666083333333        3.90632791666667      -9.861726231694723E-002
   4.20666083333333        4.20666083333333      -9.355434896558186E-002
   4.20666083333333        4.50699375000000      -8.852878039683836E-002
   4.20666083333333        4.80732666666667      -8.359678792347733E-002
   4.20666083333333        5.10765958333333      -7.878851419256350E-002
   4.20666083333333        5.40799250000000      -7.412322721974404E-002
   4.20666083333333        5.70832541666667      -6.963868021818617E-002
   4.20666083333333        6.00865833333333      -6.542755296628686E-002
   4.20666083333333        6.30899125000000      -6.170922976145081E-002
   4.20666083333333        6.60932416666667      -5.881572534678470E-002
   4.20666083333333        6.90965708333333      -5.659123389075949E-002
   4.20666083333333        7.20999000000000      -5.388677347727138E-002
   4.50699375000000       2.000000000000000E-003 -0.117148446823366     
   4.50699375000000       0.302332916666667      -0.118820212020726     
   4.50699375000000       0.602665833333333      -0.121532198787388     
   4.50699375000000       0.902998750000000      -0.122760843342471     
   4.50699375000000        1.20333166666667      -0.122053516927446     
   4.50699375000000        1.50366458333333      -0.120298154217396     
   4.50699375000000        1.80399750000000      -0.118068576331098     
   4.50699375000000        2.10433041666667      -0.115505450643285     
   4.50699375000000        2.40466333333333      -0.112602452647092     
   4.50699375000000        2.70499625000000      -0.109333311524203     
   4.50699375000000        3.00532916666667      -0.105697926969085     
   4.50699375000000        3.30566208333333      -0.101730133717721     
   4.50699375000000        3.60599500000000      -9.749088378759785E-002
   4.50699375000000        3.90632791666667      -9.306045793537326E-002
   4.50699375000000        4.20666083333333      -8.852855110816552E-002
   4.50699375000000        4.50699375000000      -8.397829334699028E-002
   4.50699375000000        4.80732666666667      -7.946931097796849E-002
   4.50699375000000        5.10765958333333      -7.503588228116516E-002
   4.50699375000000        5.40799250000000      -7.070600416488070E-002
   4.50699375000000        5.70832541666667      -6.653061114129312E-002
   4.50699375000000        6.00865833333333      -6.260780789223573E-002
   4.50699375000000        6.30899125000000      -5.909355500793016E-002
   4.50699375000000        6.60932416666667      -5.612203349321598E-002
   4.50699375000000        6.90965708333333      -5.348556365037775E-002
   4.50699375000000        7.20999000000000      -5.063067591589809E-002
   4.80732666666667       2.000000000000000E-003 -0.105835744562069     
   4.80732666666667       0.302332916666667      -0.106800771688389     
   4.80732666666667       0.602665833333333      -0.108501524772208     
   4.80732666666667       0.902998750000000      -0.109483963446496     
   4.80732666666667        1.20333166666667      -0.109497544083041     
   4.80732666666667        1.50366458333333      -0.108829213464962     
   4.80732666666667        1.80399750000000      -0.107694782963967     
   4.80732666666667        2.10433041666667      -0.106144722284694     
   4.80732666666667        2.40466333333333      -0.104145084652601     
   4.80732666666667        2.70499625000000      -0.101661084463897     
   4.80732666666667        3.00532916666667      -9.870071500702093E-002
   4.80732666666667        3.30566208333333      -9.532042821002872E-002
   4.80732666666667        3.60599500000000      -9.160951239126923E-002
   4.80732666666667        3.90632791666667      -8.766935748502429E-002
   4.80732666666667        4.20666083333333      -8.359626049386550E-002
   4.80732666666667        4.50699375000000      -7.946891535777638E-002
   4.80732666666667        4.80732666666667      -7.534038132790624E-002
   4.80732666666667        5.10765958333333      -7.124210496296485E-002
   4.80732666666667        5.40799250000000      -6.720355408919149E-002
   4.80732666666667        5.70832541666667      -6.327509295553625E-002
   4.80732666666667        6.00865833333333      -5.953663084031975E-002
   4.80732666666667        6.30899125000000      -5.607976901783536E-002
   4.80732666666667        6.60932416666667      -5.295237606135234E-002
   4.80732666666667        6.90965708333333      -5.006583075772276E-002
   4.80732666666667        7.20999000000000      -4.720347344985606E-002
   5.10765958333333       2.000000000000000E-003 -9.663514124706973E-002
   5.10765958333333       0.302332916666667      -9.717561111273523E-002
   5.10765958333333       0.602665833333333      -9.812497352003068E-002
   5.10765958333333       0.902998750000000      -9.905196296643029E-002
   5.10765958333333        1.20333166666667      -9.952991154455586E-002
   5.10765958333333        1.50366458333333      -9.952188255540409E-002
   5.10765958333333        1.80399750000000      -9.906434208775079E-002
   5.10765958333333        2.10433041666667      -9.814252626522567E-002
   5.10765958333333        2.40466333333333      -9.670546677383854E-002
   5.10765958333333        2.70499625000000      -9.472209884206408E-002
   5.10765958333333        3.00532916666667      -9.221655892127205E-002
   5.10765958333333        3.30566208333333      -8.926673771810775E-002
   5.10765958333333        3.60599500000000      -8.597854482132337E-002
   5.10765958333333        3.90632791666667      -8.245669350720006E-002
   5.10765958333333        4.20666083333333      -7.878755444487243E-002
   5.10765958333333        4.50699375000000      -7.503488696877468E-002
   5.10765958333333        4.80732666666667      -7.124144362430042E-002
   5.10765958333333        5.10765958333333      -6.743630969780345E-002
   5.10765958333333        5.40799250000000      -6.364956463175053E-002
   5.10765958333333        5.70832541666667      -5.992581812861038E-002
   5.10765958333333        6.00865833333333      -5.632374375756037E-002
   5.10765958333333        6.30899125000000      -5.289844895825356E-002
   5.10765958333333        6.60932416666667      -4.968112416903914E-002
   5.10765958333333        6.90965708333333      -4.668787996988358E-002
   5.10765958333333        7.20999000000000      -4.389253995434980E-002
   5.40799250000000       2.000000000000000E-003 -8.864761799509355E-002
   5.40799250000000       0.302332916666667      -8.902896836806293E-002
   5.40799250000000       0.602665833333333      -8.980019901654687E-002
   5.40799250000000       0.902998750000000      -9.069659706667037E-002
   5.40799250000000        1.20333166666667      -9.148008840764990E-002
   5.40799250000000        1.50366458333333      -9.189410590681099E-002
   5.40799250000000        1.80399750000000      -9.179788317429009E-002
   5.40799250000000        2.10433041666667      -9.118886090652528E-002
   5.40799250000000        2.40466333333333      -9.003668304244415E-002
   5.40799250000000        2.70499625000000      -8.833000453973451E-002
   5.40799250000000        3.00532916666667      -8.611438377248651E-002
   5.40799250000000        3.30566208333333      -8.348696504282106E-002
   5.40799250000000        3.60599500000000      -8.055941682114454E-002
   5.40799250000000        3.90632791666667      -7.741943840263867E-002
   5.40799250000000        4.20666083333333      -7.412165530359284E-002
   5.40799250000000        4.50699375000000      -7.070421099593963E-002
   5.40799250000000        4.80732666666667      -6.720203440386500E-002
   5.40799250000000        5.10765958333333      -6.364871101708497E-002
   5.40799250000000        5.40799250000000      -6.007840082764671E-002
   5.40799250000000        5.70832541666667      -5.652840934203931E-002
   5.40799250000000        6.00865833333333      -5.303261179997664E-002
   5.40799250000000        6.30899125000000      -4.962595873015527E-002
   5.40799250000000        6.60932416666667      -4.637280107260690E-002
   5.40799250000000        6.90965708333333      -4.335354453302450E-002
   5.40799250000000        7.20999000000000      -4.065883218812148E-002
   5.70832541666667       2.000000000000000E-003 -8.195461704359787E-002
   5.70832541666667       0.302332916666667      -8.232352414154594E-002
   5.70832541666667       0.602665833333333      -8.306297201340611E-002
   5.70832541666667       0.902998750000000      -8.398723390707051E-002
   5.70832541666667        1.20333166666667      -8.485810692686389E-002
   5.70832541666667        1.50366458333333      -8.542884546742674E-002
   5.70832541666667        1.80399750000000      -8.547399167308853E-002
   5.70832541666667        2.10433041666667      -8.496226446291984E-002
   5.70832541666667        2.40466333333333      -8.390844443748478E-002
   5.70832541666667        2.70499625000000      -8.232394212223337E-002
   5.70832541666667        3.00532916666667      -8.027707633924962E-002
   5.70832541666667        3.30566208333333      -7.789524890159370E-002
   5.70832541666667        3.60599500000000      -7.530624973031716E-002
   5.70832541666667        3.90632791666667      -7.256001321853407E-002
   5.70832541666667        4.20666083333333      -6.963626223339804E-002
   5.70832541666667        4.50699375000000      -6.652785343004565E-002
   5.70832541666667        4.80732666666667      -6.327263809681323E-002
   5.70832541666667        5.10765958333333      -5.992411140920676E-002
   5.70832541666667        5.40799250000000      -5.652762790362820E-002
   5.70832541666667        5.70832541666667      -5.311364657009794E-002
   5.70832541666667        6.00865833333333      -4.968495781569698E-002
   5.70832541666667        6.30899125000000      -4.626451263308435E-002
   5.70832541666667        6.60932416666667      -4.293505920040512E-002
   5.70832541666667        6.90965708333333      -3.985654625575719E-002
   5.70832541666667        7.20999000000000      -3.723461666952191E-002
   6.00865833333333       2.000000000000000E-003 -7.573506670059557E-002
   6.00865833333333       0.302332916666667      -7.616856545734825E-002
   6.00865833333333       0.602665833333333      -7.706578398042720E-002
   6.00865833333333       0.902998750000000      -7.813844699485706E-002
   6.00865833333333        1.20333166666667      -7.909087747386424E-002
   6.00865833333333        1.50366458333333      -7.969792508981045E-002
   6.00865833333333        1.80399750000000      -7.977973976844581E-002
   6.00865833333333        2.10433041666667      -7.924908474564828E-002
   6.00865833333333        2.40466333333333      -7.819406999776575E-002
   6.00865833333333        2.70499625000000      -7.662408223691260E-002
   6.00865833333333        3.00532916666667      -7.461340250568328E-002
   6.00865833333333        3.30566208333333      -7.236831604731879E-002
   6.00865833333333        3.60599500000000      -7.013902664241743E-002
   6.00865833333333        3.90632791666667      -6.790123467900840E-002
   6.00865833333333        4.20666083333333      -6.542385736192202E-002
   6.00865833333333        4.50699375000000      -6.260391853510465E-002
   6.00865833333333        4.80732666666667      -5.953329990771905E-002
   6.00865833333333        5.10765958333333      -5.632138130751600E-002
   6.00865833333333        5.40799250000000      -5.303135964387073E-002
   6.00865833333333        5.70832541666667      -4.968456689529016E-002
   6.00865833333333        6.00865833333333      -4.625087479421392E-002
   6.00865833333333        6.30899125000000      -4.272288227100006E-002
   6.00865833333333        6.60932416666667      -3.918341679607145E-002
   6.00865833333333        6.90965708333333      -3.588783188632910E-002
   6.00865833333333        7.20999000000000      -3.326016225867560E-002
   6.30899125000000       2.000000000000000E-003 -6.863580761384441E-002
   6.30899125000000       0.302332916666667      -6.936651726357604E-002
   6.30899125000000       0.602665833333333      -7.093019943313034E-002
   6.30899125000000       0.902998750000000      -7.254319100068593E-002
   6.30899125000000        1.20333166666667      -7.374118210356036E-002
   6.30899125000000        1.50366458333333      -7.440775344725514E-002
   6.30899125000000        1.80399750000000      -7.450165620573476E-002
   6.30899125000000        2.10433041666667      -7.397805377669617E-002
   6.30899125000000        2.40466333333333      -7.290455530662590E-002
   6.30899125000000        2.70499625000000      -7.125988078563691E-002
   6.30899125000000        3.00532916666667      -6.910696040193573E-002
   6.30899125000000        3.30566208333333      -6.692336774005619E-002
   6.30899125000000        3.60599500000000      -6.517900104884354E-002
   6.30899125000000        3.90632791666667      -6.366195475556174E-002
   6.30899125000000        4.20666083333333      -6.170350145575920E-002
   6.30899125000000        4.50699375000000      -5.908831251652970E-002
   6.30899125000000        4.80732666666667      -5.607577828845522E-002
   6.30899125000000        5.10765958333333      -5.289578392792275E-002
   6.30899125000000        5.40799250000000      -4.962459571947386E-002
   6.30899125000000        5.70832541666667      -4.626409743140430E-002
   6.30899125000000        6.00865833333333      -4.272289618079524E-002
   6.30899125000000        6.30899125000000      -3.892957925991954E-002
   6.30899125000000        6.60932416666667      -3.493200322838132E-002
   6.30899125000000        6.90965708333333      -3.109686390172366E-002
   6.30899125000000        7.20999000000000      -2.828098160829543E-002
   6.60932416666667       2.000000000000000E-003 -5.977527251715383E-002
   6.60932416666667       0.302332916666667      -6.116634683261082E-002
   6.60932416666667       0.602665833333333      -6.427492373848558E-002
   6.60932416666667       0.902998750000000      -6.700210778142415E-002
   6.60932416666667        1.20333166666667      -6.866195531035792E-002
   6.60932416666667        1.50366458333333      -6.946557905907288E-002
   6.60932416666667        1.80399750000000      -6.961080485098198E-002
   6.60932416666667        2.10433041666667      -6.917614680417696E-002
   6.60932416666667        2.40466333333333      -6.817462582456620E-002
   6.60932416666667        2.70499625000000      -6.652266655506456E-002
   6.60932416666667        3.00532916666667      -6.433092738377927E-002
   6.60932416666667        3.30566208333333      -6.219528700374904E-002
   6.60932416666667        3.60599500000000      -6.106947552623945E-002
   6.60932416666667        3.90632791666667      -6.042541054927083E-002
   6.60932416666667        4.20666083333333      -5.880828227423705E-002
   6.60932416666667        4.50699375000000      -5.611588877083842E-002
   6.60932416666667        4.80732666666667      -5.294824361039413E-002
   6.60932416666667        5.10765958333333      -4.967861002101530E-002
   6.60932416666667        5.40799250000000      -4.637160454411375E-002
   6.60932416666667        5.70832541666667      -4.293479114610795E-002
   6.60932416666667        6.00865833333333      -3.918354756478090E-002
   6.60932416666667        6.30899125000000      -3.493202911022876E-002
   6.60932416666667        6.60932416666667      -3.016927042918950E-002
   6.60932416666667        6.90965708333333      -2.540376594825213E-002
   6.60932416666667        7.20999000000000      -2.214245402628236E-002
   6.90965708333333       2.000000000000000E-003 -5.277262463558476E-002
   6.90965708333333       0.302332916666667      -5.417877907543645E-002
   6.90965708333333       0.602665833333333      -5.838261901350712E-002
   6.90965708333333       0.902998750000000      -6.195197365061293E-002
   6.90965708333333        1.20333166666667      -6.396308945766327E-002
   6.90965708333333        1.50366458333333      -6.490938080570745E-002
   6.90965708333333        1.80399750000000      -6.516081104598420E-002
   6.90965708333333        2.10433041666667      -6.489845512835633E-002
   6.90965708333333        2.40466333333333      -6.418432651612249E-002
   6.90965708333333        2.70499625000000      -6.295509325191553E-002
   6.90965708333333        3.00532916666667      -6.123732493364027E-002
   6.90965708333333        3.30566208333333      -5.949931807835257E-002
   6.90965708333333        3.60599500000000      -5.894722950069355E-002
   6.90965708333333        3.90632791666667      -5.853560726377605E-002
   6.90965708333333        4.20666083333333      -5.658463557515005E-002
   6.90965708333333        4.50699375000000      -5.348067299448028E-002
   6.90965708333333        4.80732666666667      -5.006262396576824E-002
   6.90965708333333        5.10765958333333      -4.668602968009933E-002
   6.90965708333333        5.40799250000000      -4.335270757229955E-002
   6.90965708333333        5.70832541666667      -3.985639630284914E-002
   6.90965708333333        6.00865833333333      -3.588786627058052E-002
   6.90965708333333        6.30899125000000      -3.109642311693602E-002
   6.90965708333333        6.60932416666667      -2.540264289098109E-002
   6.90965708333333        6.90965708333333      -1.999766674367772E-002
   6.90965708333333        7.20999000000000      -1.669079823902592E-002
   7.20999000000000       2.000000000000000E-003 -5.012094472683491E-002
   7.20999000000000       0.302332916666667      -5.176715470565321E-002
   7.20999000000000       0.602665833333333      -5.487053428341675E-002
   7.20999000000000       0.902998750000000      -5.787691119099577E-002
   7.20999000000000        1.20333166666667      -5.979577963582947E-002
   7.20999000000000        1.50366458333333      -6.080040132808493E-002
   7.20999000000000        1.80399750000000      -6.117729856321783E-002
   7.20999000000000        2.10433041666667      -6.115143535783635E-002
   7.20999000000000        2.40466333333333      -6.091189226740473E-002
   7.20999000000000        2.70499625000000      -6.049906362071394E-002
   7.20999000000000        3.00532916666667      -5.992626623286330E-002
   7.20999000000000        3.30566208333333      -5.908291560517571E-002
   7.20999000000000        3.60599500000000      -5.777753417618746E-002
   7.20999000000000        3.90632791666667      -5.612842312080454E-002
   7.20999000000000        4.20666083333333      -5.388539078308432E-002
   7.20999000000000        4.50699375000000      -5.062949776923179E-002
   7.20999000000000        4.80732666666667      -4.720243154318778E-002
   7.20999000000000        5.10765958333333      -4.389179719293417E-002
   7.20999000000000        5.40799250000000      -4.065848276317343E-002
   7.20999000000000        5.70832541666667      -3.723452888951432E-002
   7.20999000000000        6.00865833333333      -3.325995245347707E-002
   7.20999000000000        6.30899125000000      -2.828000276381009E-002
   7.20999000000000        6.60932416666667      -2.214023150888619E-002
   7.20999000000000        6.90965708333333      -1.668904973639245E-002
   7.20999000000000        7.20999000000000      -1.472197015525910E-002
