  2.000000000000000E-003  2.000000000000000E-003 -0.294487373598829     
  2.000000000000000E-003  0.302332916666667      -0.300883196147941     
  2.000000000000000E-003  0.602665833333333      -0.306532065511258     
  2.000000000000000E-003  0.902998750000000      -0.312463684250911     
  2.000000000000000E-003   1.20333166666667      -0.316874280088272     
  2.000000000000000E-003   1.50366458333333      -0.317853397188983     
  2.000000000000000E-003   1.80399750000000      -0.314667134716448     
  2.000000000000000E-003   2.10433041666667      -0.307871773668428     
  2.000000000000000E-003   2.40466333333333      -0.298988702766438     
  2.000000000000000E-003   2.70499625000000      -0.288376742344817     
  2.000000000000000E-003   3.00532916666667      -0.277028440307921     
  2.000000000000000E-003   3.30566208333333      -0.269163108149203     
  2.000000000000000E-003   3.60599500000000      -0.256956199520271     
  2.000000000000000E-003   3.90632791666667      -0.238712716967462     
  2.000000000000000E-003   4.20666083333333      -0.216183583783858     
  2.000000000000000E-003   4.50699375000000      -0.188485070728217     
  2.000000000000000E-003   4.80732666666667      -0.163508280463609     
  2.000000000000000E-003   5.10765958333333      -0.143579266589877     
  2.000000000000000E-003   5.40799250000000      -0.128770636015152     
  2.000000000000000E-003   5.70832541666667      -0.118037176343926     
  2.000000000000000E-003   6.00865833333333      -0.110298496903995     
  2.000000000000000E-003   6.30899125000000      -0.104221406186796     
  2.000000000000000E-003   6.60932416666667      -9.863095186076844E-002
  2.000000000000000E-003   6.90965708333333      -9.458753199319350E-002
  2.000000000000000E-003   7.20999000000000      -9.226390807743533E-002
  0.302332916666667       2.000000000000000E-003 -0.300870608525567     
  0.302332916666667       0.302332916666667      -0.291831022694578     
  0.302332916666667       0.602665833333333      -0.315414562715708     
  0.302332916666667       0.902998750000000      -0.341292211993301     
  0.302332916666667        1.20333166666667      -0.354853378437748     
  0.302332916666667        1.50366458333333      -0.358676430668910     
  0.302332916666667        1.80399750000000      -0.355395673458844     
  0.302332916666667        2.10433041666667      -0.346546186210224     
  0.302332916666667        2.40466333333333      -0.335121244064952     
  0.302332916666667        2.70499625000000      -0.320971084397169     
  0.302332916666667        3.00532916666667      -0.301680280357684     
  0.302332916666667        3.30566208333333      -0.282679128879938     
  0.302332916666667        3.60599500000000      -0.268260263881865     
  0.302332916666667        3.90632791666667      -0.249976108311190     
  0.302332916666667        4.20666083333333      -0.225059364339745     
  0.302332916666667        4.50699375000000      -0.197162051689065     
  0.302332916666667        4.80732666666667      -0.171990879342621     
  0.302332916666667        5.10765958333333      -0.151553801140620     
  0.302332916666667        5.40799250000000      -0.135845060732493     
  0.302332916666667        5.70832541666667      -0.124025539164912     
  0.302332916666667        6.00865833333333      -0.115026230106270     
  0.302332916666667        6.30899125000000      -0.107667865583120     
  0.302332916666667        6.60932416666667      -0.101076244730232     
  0.302332916666667        6.90965708333333      -9.732100617406886E-002
  0.302332916666667        7.20999000000000      -9.500844069983634E-002
  0.602665833333333       2.000000000000000E-003 -0.306514172926657     
  0.602665833333333       0.302332916666667      -0.315405128733455     
  0.602665833333333       0.602665833333333      -0.342117282264743     
  0.602665833333333       0.902998750000000      -0.372827348999854     
  0.602665833333333        1.20333166666667      -0.391425803276890     
  0.602665833333333        1.50366458333333      -0.397790829373184     
  0.602665833333333        1.80399750000000      -0.394576651393499     
  0.602665833333333        2.10433041666667      -0.384099620644340     
  0.602665833333333        2.40466333333333      -0.370019154969444     
  0.602665833333333        2.70499625000000      -0.354332649572021     
  0.602665833333333        3.00532916666667      -0.330816752402881     
  0.602665833333333        3.30566208333333      -0.303222704862883     
  0.602665833333333        3.60599500000000      -0.277491952998676     
  0.602665833333333        3.90632791666667      -0.253318832151891     
  0.602665833333333        4.20666083333333      -0.227359757402131     
  0.602665833333333        4.50699375000000      -0.201012277237167     
  0.602665833333333        4.80732666666667      -0.177554238723286     
  0.602665833333333        5.10765958333333      -0.157870032630892     
  0.602665833333333        5.40799250000000      -0.142030000332605     
  0.602665833333333        5.70832541666667      -0.129659119981331     
  0.602665833333333        6.00865833333333      -0.119980098462209     
  0.602665833333333        6.30899125000000      -0.112198173115979     
  0.602665833333333        6.60932416666667      -0.105834078987624     
  0.602665833333333        6.90965708333333      -0.100879494742116     
  0.602665833333333        7.20999000000000      -9.511770829063050E-002
  0.902998750000000       2.000000000000000E-003 -0.312451258773798     
  0.902998750000000       0.302332916666667      -0.341283975480182     
  0.902998750000000       0.602665833333333      -0.372824411715474     
  0.902998750000000       0.902998750000000      -0.402705145080987     
  0.902998750000000        1.20333166666667      -0.422672988067695     
  0.902998750000000        1.50366458333333      -0.430650392979161     
  0.902998750000000        1.80399750000000      -0.427682578809269     
  0.902998750000000        2.10433041666667      -0.415668348225049     
  0.902998750000000        2.40466333333333      -0.400804817951134     
  0.902998750000000        2.70499625000000      -0.382305743028942     
  0.902998750000000        3.00532916666667      -0.356915758471262     
  0.902998750000000        3.30566208333333      -0.324851009237922     
  0.902998750000000        3.60599500000000      -0.291318264955941     
  0.902998750000000        3.90632791666667      -0.259675630422587     
  0.902998750000000        4.20666083333333      -0.230469128146067     
  0.902998750000000        4.50699375000000      -0.204297216160260     
  0.902998750000000        4.80732666666667      -0.181946219396272     
  0.902998750000000        5.10765958333333      -0.163023713452601     
  0.902998750000000        5.40799250000000      -0.147231305745749     
  0.902998750000000        5.70832541666667      -0.134570814169866     
  0.902998750000000        6.00865833333333      -0.124407996125797     
  0.902998750000000        6.30899125000000      -0.116119821870862     
  0.902998750000000        6.60932416666667      -0.109084057168017     
  0.902998750000000        6.90965708333333      -0.102373774184474     
  0.902998750000000        7.20999000000000      -9.480429591496913E-002
   1.20333166666667       2.000000000000000E-003 -0.316863823717901     
   1.20333166666667       0.302332916666667      -0.354846237244603     
   1.20333166666667       0.602665833333333      -0.391422224324868     
   1.20333166666667       0.902998750000000      -0.422671762244945     
   1.20333166666667        1.20333166666667      -0.443884538746487     
   1.20333166666667        1.50366458333333      -0.453074134120586     
   1.20333166666667        1.80399750000000      -0.450144000141161     
   1.20333166666667        2.10433041666667      -0.439200929373656     
   1.20333166666667        2.40466333333333      -0.424463655294328     
   1.20333166666667        2.70499625000000      -0.402640670666794     
   1.20333166666667        3.00532916666667      -0.373500335253473     
   1.20333166666667        3.30566208333333      -0.338964668998595     
   1.20333166666667        3.60599500000000      -0.302007872232689     
   1.20333166666667        3.90632791666667      -0.266485665722681     
   1.20333166666667        4.20666083333333      -0.234918775610770     
   1.20333166666667        4.50699375000000      -0.208192657497095     
   1.20333166666667        4.80732666666667      -0.185885566002672     
   1.20333166666667        5.10765958333333      -0.167204033234614     
   1.20333166666667        5.40799250000000      -0.151494840484006     
   1.20333166666667        5.70832541666667      -0.138540266025312     
   1.20333166666667        6.00865833333333      -0.127822259514516     
   1.20333166666667        6.30899125000000      -0.118730384744621     
   1.20333166666667        6.60932416666667      -0.110613133371989     
   1.20333166666667        6.90965708333333      -0.102709136422989     
   1.20333166666667        7.20999000000000      -9.448538346014865E-002
   1.50366458333333       2.000000000000000E-003 -0.317842360783885     
   1.50366458333333       0.302332916666667      -0.358668823315798     
   1.50366458333333       0.602665833333333      -0.397786436044267     
   1.50366458333333       0.902998750000000      -0.430648027348812     
   1.50366458333333        1.20333166666667      -0.453072778240507     
   1.50366458333333        1.50366458333333      -0.462652147975477     
   1.50366458333333        1.80399750000000      -0.460708453817112     
   1.50366458333333        2.10433041666667      -0.453154642113643     
   1.50366458333333        2.40466333333333      -0.438061502010680     
   1.50366458333333        2.70499625000000      -0.413975022774569     
   1.50366458333333        3.00532916666667      -0.382024519028193     
   1.50366458333333        3.30566208333333      -0.345154891682042     
   1.50366458333333        3.60599500000000      -0.306990364849219     
   1.50366458333333        3.90632791666667      -0.270826714875090     
   1.50366458333333        4.20666083333333      -0.238828565212921     
   1.50366458333333        4.50699375000000      -0.211732157495510     
   1.50366458333333        4.80732666666667      -0.189214743962943     
   1.50366458333333        5.10765958333333      -0.170495726300381     
   1.50366458333333        5.40799250000000      -0.154795786268230     
   1.50366458333333        5.70832541666667      -0.141548294700648     
   1.50366458333333        6.00865833333333      -0.130254795568327     
   1.50366458333333        6.30899125000000      -0.120339546305467     
   1.50366458333333        6.60932416666667      -0.111289314612640     
   1.50366458333333        6.90965708333333      -0.102654852713497     
   1.50366458333333        7.20999000000000      -9.420370532439311E-002
   1.80399750000000       2.000000000000000E-003 -0.314656318799536     
   1.80399750000000       0.302332916666667      -0.355387830284212     
   1.80399750000000       0.602665833333333      -0.394571219830164     
   1.80399750000000       0.902998750000000      -0.427678219608885     
   1.80399750000000        1.20333166666667      -0.450139776513523     
   1.80399750000000        1.50366458333333      -0.460705038682782     
   1.80399750000000        1.80399750000000      -0.462983472901566     
   1.80399750000000        2.10433041666667      -0.456333458050109     
   1.80399750000000        2.40466333333333      -0.439826185693642     
   1.80399750000000        2.70499625000000      -0.414049843141353     
   1.80399750000000        3.00532916666667      -0.381208908071403     
   1.80399750000000        3.30566208333333      -0.344483123770327     
   1.80399750000000        3.60599500000000      -0.307174101397027     
   1.80399750000000        3.90632791666667      -0.271998131151313     
   1.80399750000000        4.20666083333333      -0.240676596299663     
   1.80399750000000        4.50699375000000      -0.213879381282061     
   1.80399750000000        4.80732666666667      -0.191455686133970     
   1.80399750000000        5.10765958333333      -0.172780965544544     
   1.80399750000000        5.40799250000000      -0.157076222583155     
   1.80399750000000        5.70832541666667      -0.143624989417007     
   1.80399750000000        6.00865833333333      -0.131852340255032     
   1.80399750000000        6.30899125000000      -0.121268771758776     
   1.80399750000000        6.60932416666667      -0.111534086486050     
   1.80399750000000        6.90965708333333      -0.102447518324635     
   1.80399750000000        7.20999000000000      -9.391307919657078E-002
   2.10433041666667       2.000000000000000E-003 -0.307864036484769     
   2.10433041666667       0.302332916666667      -0.346539875320764     
   2.10433041666667       0.602665833333333      -0.384093545853741     
   2.10433041666667       0.902998750000000      -0.415661019519394     
   2.10433041666667        1.20333166666667      -0.439191692901224     
   2.10433041666667        1.50366458333333      -0.453144816857945     
   2.10433041666667        1.80399750000000      -0.456326406249815     
   2.10433041666667        2.10433041666667      -0.448295189601690     
   2.10433041666667        2.40466333333333      -0.429863752448821     
   2.10433041666667        2.70499625000000      -0.403122673069889     
   2.10433041666667        3.00532916666667      -0.370935906283772     
   2.10433041666667        3.30566208333333      -0.336261333692056     
   2.10433041666667        3.60599500000000      -0.301651622721445     
   2.10433041666667        3.90632791666667      -0.269018509498301     
   2.10433041666667        4.20666083333333      -0.239584720638851     
   2.10433041666667        4.50699375000000      -0.213948440099973     
   2.10433041666667        4.80732666666667      -0.192166420597314     
   2.10433041666667        5.10765958333333      -0.173846213017894     
   2.10433041666667        5.40799250000000      -0.158306009840521     
   2.10433041666667        5.70832541666667      -0.144795410947909     
   2.10433041666667        6.00865833333333      -0.132699030892524     
   2.10433041666667        6.30899125000000      -0.121637227093228     
   2.10433041666667        6.60932416666667      -0.111445357404417     
   2.10433041666667        6.90965708333333      -0.102096844742404     
   2.10433041666667        7.20999000000000      -9.358001716942496E-002
   2.40466333333333       2.000000000000000E-003 -0.298987663245727     
   2.40466333333333       0.302332916666667      -0.335118857863913     
   2.40466333333333       0.602665833333333      -0.370013458776342     
   2.40466333333333       0.902998750000000      -0.400794049533156     
   2.40466333333333        1.20333166666667      -0.424447711333482     
   2.40466333333333        1.50366458333333      -0.438042770504525     
   2.40466333333333        1.80399750000000      -0.439809115837757     
   2.40466333333333        2.10433041666667      -0.429853394515701     
   2.40466333333333        2.40466333333333      -0.410106692440698     
   2.40466333333333        2.70499625000000      -0.383589845784756     
   2.40466333333333        3.00532916666667      -0.353425218780941     
   2.40466333333333        3.30566208333333      -0.322112539715249     
   2.40466333333333        3.60599500000000      -0.291352132279803     
   2.40466333333333        3.90632791666667      -0.262241715498382     
   2.40466333333333        4.20666083333333      -0.235526117919061     
   2.40466333333333        4.50699375000000      -0.211734902956520     
   2.40466333333333        4.80732666666667      -0.191118870771889     
   2.40466333333333        5.10765958333333      -0.173518053333284     
   2.40466333333333        5.40799250000000      -0.158385228461290     
   2.40466333333333        5.70832541666667      -0.145007118473131     
   2.40466333333333        6.00865833333333      -0.132794014367760     
   2.40466333333333        6.30899125000000      -0.121457911880873     
   2.40466333333333        6.60932416666667      -0.110995110828955     
   2.40466333333333        6.90965708333333      -0.101543758957888     
   2.40466333333333        7.20999000000000      -9.320198735491675E-002
   2.70499625000000       2.000000000000000E-003 -0.288385081918192     
   2.70499625000000       0.302332916666667      -0.320975331895739     
   2.70499625000000       0.602665833333333      -0.354329552292502     
   2.70499625000000       0.902998750000000      -0.382292574364315     
   2.70499625000000        1.20333166666667      -0.402617877440021     
   2.70499625000000        1.50366458333333      -0.413946776496471     
   2.70499625000000        1.80399750000000      -0.414022076635731     
   2.70499625000000        2.10433041666667      -0.403101309157558     
   2.70499625000000        2.40466333333333      -0.383578844221645     
   2.70499625000000        2.70499625000000      -0.358796531375218     
   2.70499625000000        3.00532916666667      -0.331784189691218     
   2.70499625000000        3.30566208333333      -0.304530624558223     
   2.70499625000000        3.60599500000000      -0.278014847497519     
   2.70499625000000        3.90632791666667      -0.252701572892855     
   2.70499625000000        4.20666083333333      -0.228998359392274     
   2.70499625000000        4.50699375000000      -0.207402796788226     
   2.70499625000000        4.80732666666667      -0.188308063027604     
   2.70499625000000        5.10765958333333      -0.171725187464912     
   2.70499625000000        5.40799250000000      -0.157225957405631     
   2.70499625000000        5.70832541666667      -0.144167263249587     
   2.70499625000000        6.00865833333333      -0.132029482687482     
   2.70499625000000        6.30899125000000      -0.120616423055060     
   2.70499625000000        6.60932416666667      -0.110038950166387     
   2.70499625000000        6.90965708333333      -0.100710552693656     
   2.70499625000000        7.20999000000000      -9.285151258679852E-002
   3.00532916666667       2.000000000000000E-003 -0.277045242142866     
   3.00532916666667       0.302332916666667      -0.301691930953878     
   3.00532916666667       0.602665833333333      -0.330818208111067     
   3.00532916666667       0.902998750000000      -0.356902363067484     
   3.00532916666667        1.20333166666667      -0.373472293715597     
   3.00532916666667        1.50366458333333      -0.381988501539030     
   3.00532916666667        1.80399750000000      -0.381172648186388     
   3.00532916666667        2.10433041666667      -0.370906059148976     
   3.00532916666667        2.40466333333333      -0.353405857862721     
   3.00532916666667        2.70499625000000      -0.331775833540850     
   3.00532916666667        3.00532916666667      -0.308682145467051     
   3.00532916666667        3.30566208333333      -0.285660087591179     
   3.00532916666667        3.60599500000000      -0.263211513614701     
   3.00532916666667        3.90632791666667      -0.241439972430460     
   3.00532916666667        4.20666083333333      -0.220619364853861     
   3.00532916666667        4.50699375000000      -0.201272259502601     
   3.00532916666667        4.80732666666667      -0.183865118081929     
   3.00532916666667        5.10765958333333      -0.168488042431315     
   3.00532916666667        5.40799250000000      -0.154788910643508     
   3.00532916666667        5.70832541666667      -0.142208648198015     
   3.00532916666667        6.00865833333333      -0.130331589190502     
   3.00532916666667        6.30899125000000      -0.119042945929665     
   3.00532916666667        6.60932416666667      -0.108589327046277     
   3.00532916666667        6.90965708333333      -9.968402105540806E-002
   3.00532916666667        7.20999000000000      -9.268253736381117E-002
   3.30566208333333       2.000000000000000E-003 -0.269176919275650     
   3.30566208333333       0.302332916666667      -0.282691648653458     
   3.30566208333333       0.602665833333333      -0.303224956754805     
   3.30566208333333       0.902998750000000      -0.324835933143253     
   3.30566208333333        1.20333166666667      -0.338933085195589     
   3.30566208333333        1.50366458333333      -0.345114397662381     
   3.30566208333333        1.80399750000000      -0.344442688416742     
   3.30566208333333        2.10433041666667      -0.336227735443479     
   3.30566208333333        2.40466333333333      -0.322089540581406     
   3.30566208333333        2.70499625000000      -0.304518402563844     
   3.30566208333333        3.00532916666667      -0.285655927314447     
   3.30566208333333        3.30566208333333      -0.266670341073375     
   3.30566208333333        3.60599500000000      -0.247825458553272     
   3.30566208333333        3.90632791666667      -0.229118040056927     
   3.30566208333333        4.20666083333333      -0.210869657158026     
   3.30566208333333        4.50699375000000      -0.193667035303288     
   3.30566208333333        4.80732666666667      -0.177981202677171     
   3.30566208333333        5.10765958333333      -0.163895669677288     
   3.30566208333333        5.40799250000000      -0.151093234185531     
   3.30566208333333        5.70832541666667      -0.139111859079534     
   3.30566208333333        6.00865833333333      -0.127676093259818     
   3.30566208333333        6.30899125000000      -0.116774264154974     
   3.30566208333333        6.60932416666667      -0.106778409228005     
   3.30566208333333        6.90965708333333      -9.874766658966999E-002
   3.30566208333333        7.20999000000000      -9.275333594082912E-002
   3.60599500000000       2.000000000000000E-003 -0.256956969103620     
   3.60599500000000       0.302332916666667      -0.268261951229893     
   3.60599500000000       0.602665833333333      -0.277484191226517     
   3.60599500000000       0.902998750000000      -0.291296174378245     
   3.60599500000000        1.20333166666667      -0.301972792393445     
   3.60599500000000        1.50366458333333      -0.306949011740934     
   3.60599500000000        1.80399750000000      -0.307134344056081     
   3.60599500000000        2.10433041666667      -0.301619365583657     
   3.60599500000000        2.40466333333333      -0.291330311113241     
   3.60599500000000        2.70499625000000      -0.278003082479785     
   3.60599500000000        3.00532916666667      -0.263206983721208     
   3.60599500000000        3.30566208333333      -0.247824577105165     
   3.60599500000000        3.60599500000000      -0.232067192370329     
   3.60599500000000        3.90632791666667      -0.216004070806892     
   3.60599500000000        4.20666083333333      -0.200073972377488     
   3.60599500000000        4.50699375000000      -0.184900477458724     
   3.60599500000000        4.80732666666667      -0.170902076292299     
   3.60599500000000        5.10765958333333      -0.158110547002868     
   3.60599500000000        5.40799250000000      -0.146232366006265     
   3.60599500000000        5.70832541666667      -0.134922214939164     
   3.60599500000000        6.00865833333333      -0.124077321185884     
   3.60599500000000        6.30899125000000      -0.113816803408409     
   3.60599500000000        6.60932416666667      -0.104643933112790     
   3.60599500000000        6.90965708333333      -9.778548736142609E-002
   3.60599500000000        7.20999000000000      -9.250105596389123E-002
   3.90632791666667       2.000000000000000E-003 -0.238700485814733     
   3.90632791666667       0.302332916666667      -0.249957594296957     
   3.90632791666667       0.602665833333333      -0.253294324535894     
   3.90632791666667       0.902998750000000      -0.259644159157673     
   3.90632791666667        1.20333166666667      -0.266448399659611     
   3.90632791666667        1.50366458333333      -0.270787912254571     
   3.90632791666667        1.80399750000000      -0.271962974912365     
   3.90632791666667        2.10433041666667      -0.268991324167177     
   3.90632791666667        2.40466333333333      -0.262224287682445     
   3.90632791666667        2.70499625000000      -0.252692885975435     
   3.90632791666667        3.00532916666667      -0.241437153977281     
   3.90632791666667        3.30566208333333      -0.229117898977825     
   3.90632791666667        3.60599500000000      -0.216004393070878     
   3.90632791666667        3.90632791666667      -0.202325721138212     
   3.90632791666667        4.20666083333333      -0.188578428050114     
   3.90632791666667        4.50699375000000      -0.175338882036809     
   3.90632791666667        4.80732666666667      -0.162942580062946     
   3.90632791666667        5.10765958333333      -0.151375228608648     
   3.90632791666667        5.40799250000000      -0.140390477323674     
   3.90632791666667        5.70832541666667      -0.129776697618600     
   3.90632791666667        6.00865833333333      -0.119594106035730     
   3.90632791666667        6.30899125000000      -0.110096792511831     
   3.90632791666667        6.60932416666667      -0.101772095228884     
   3.90632791666667        6.90965708333333      -9.526360913147597E-002
   3.90632791666667        7.20999000000000      -8.965344313642179E-002
   4.20666083333333       2.000000000000000E-003 -0.216159020435416     
   4.20666083333333       0.302332916666667      -0.225029568655493     
   4.20666083333333       0.602665833333333      -0.227326623425755     
   4.20666083333333       0.902998750000000      -0.230434095525698     
   4.20666083333333        1.20333166666667      -0.234883686606051     
   4.20666083333333        1.50366458333333      -0.238795179890667     
   4.20666083333333        1.80399750000000      -0.240648227487014     
   4.20666083333333        2.10433041666667      -0.239564162085818     
   4.20666083333333        2.40466333333333      -0.235514052227848     
   4.20666083333333        2.70499625000000      -0.228993266050906     
   4.20666083333333        3.00532916666667      -0.220618481391264     
   4.20666083333333        3.30566208333333      -0.210870307262097     
   4.20666083333333        3.60599500000000      -0.200074536884701     
   4.20666083333333        3.90632791666667      -0.188578529654841     
   4.20666083333333        4.20666083333333      -0.176863641608208     
   4.20666083333333        4.50699375000000      -0.165404352037994     
   4.20666083333333        4.80732666666667      -0.154453352807493     
   4.20666083333333        5.10765958333333      -0.143985405178589     
   4.20666083333333        5.40799250000000      -0.133834768515259     
   4.20666083333333        5.70832541666667      -0.123924687568972     
   4.20666083333333        6.00865833333333      -0.114423898038484     
   4.20666083333333        6.30899125000000      -0.105666294150531     
   4.20666083333333        6.60932416666667      -9.800477798371056E-002
   4.20666083333333        6.90965708333333      -9.172710272341564E-002
   4.20666083333333        7.20999000000000      -8.628931085395528E-002
   4.50699375000000       2.000000000000000E-003 -0.188461911288166     
   4.50699375000000       0.302332916666667      -0.197135328120457     
   4.50699375000000       0.602665833333333      -0.200982769542775     
   4.50699375000000       0.902998750000000      -0.204267270289083     
   4.50699375000000        1.20333166666667      -0.208163651262726     
   4.50699375000000        1.50366458333333      -0.211705788204613     
   4.50699375000000        1.80399750000000      -0.213858209108711     
   4.50699375000000        2.10433041666667      -0.213934165786053     
   4.50699375000000        2.40466333333333      -0.211727434038567     
   4.50699375000000        2.70499625000000      -0.207400405278536     
   4.50699375000000        3.00532916666667      -0.201272505014273     
   4.50699375000000        3.30566208333333      -0.193667843341197     
   4.50699375000000        3.60599500000000      -0.184900797681386     
   4.50699375000000        3.90632791666667      -0.175338669931769     
   4.50699375000000        4.20666083333333      -0.165404056638649     
   4.50699375000000        4.50699375000000      -0.155473008691743     
   4.50699375000000        4.80732666666667      -0.145747573406864     
   4.50699375000000        5.10765958333333      -0.136234956370034     
   4.50699375000000        5.40799250000000      -0.126871545995220     
   4.50699375000000        5.70832541666667      -0.117694685185552     
   4.50699375000000        6.00865833333333      -0.108922700577585     
   4.50699375000000        6.30899125000000      -0.100859811502075     
   4.50699375000000        6.60932416666667      -9.371364918388188E-002
   4.50699375000000        6.90965708333333      -8.755605428255211E-002
   4.50699375000000        7.20999000000000      -8.201563689840484E-002
   4.80732666666667       2.000000000000000E-003 -0.163492644136518     
   4.80732666666667       0.302332916666667      -0.171973222246385     
   4.80732666666667       0.602665833333333      -0.177534061605041     
   4.80732666666667       0.902998750000000      -0.181924529736921     
   4.80732666666667        1.20333166666667      -0.185864011464270     
   4.80732666666667        1.50366458333333      -0.189195548954755     
   4.80732666666667        1.80399750000000      -0.191440945566167     
   4.80732666666667        2.10433041666667      -0.192157164050798     
   4.80732666666667        2.40466333333333      -0.191114644673824     
   4.80732666666667        2.70499625000000      -0.188307256120299     
   4.80732666666667        3.00532916666667      -0.183865771706437     
   4.80732666666667        3.30566208333333      -0.177981824942736     
   4.80732666666667        3.60599500000000      -0.170902049981043     
   4.80732666666667        3.90632791666667      -0.162942041135352     
   4.80732666666667        4.20666083333333      -0.154452744161213     
   4.80732666666667        4.50699375000000      -0.145747229839525     
   4.80732666666667        4.80732666666667      -0.137023684911173     
   4.80732666666667        5.10765958333333      -0.128355939426595     
   4.80732666666667        5.40799250000000      -0.119780419797114     
   4.80732666666667        5.70832541666667      -0.111404784671882     
   4.80732666666667        6.00865833333333      -0.103437425610354     
   4.80732666666667        6.30899125000000      -9.610019047655853E-002
   4.80732666666667        6.60932416666667      -8.949015839718895E-002
   4.80732666666667        6.90965708333333      -8.352312512811881E-002
   4.80732666666667        7.20999000000000      -7.800752901707103E-002
   5.10765958333333       2.000000000000000E-003 -0.143571877988319     
   5.10765958333333       0.302332916666667      -0.151545026403054     
   5.10765958333333       0.602665833333333      -0.157858623745251     
   5.10765958333333       0.902998750000000      -0.163010000078810     
   5.10765958333333        1.20333166666667      -0.167189745372309     
   5.10765958333333        1.50366458333333      -0.170483005166036     
   5.10765958333333        1.80399750000000      -0.172771530321470     
   5.10765958333333        2.10433041666667      -0.173840763371777     
   5.10765958333333        2.40466333333333      -0.173516125472497     
   5.10765958333333        2.70499625000000      -0.171725505861039     
   5.10765958333333        3.00532916666667      -0.168489148947323     
   5.10765958333333        3.30566208333333      -0.163896497077612     
   5.10765958333333        3.60599500000000      -0.158110681444809     
   5.10765958333333        3.90632791666667      -0.151374804576713     
   5.10765958333333        4.20666083333333      -0.143984784230563     
   5.10765958333333        4.50699375000000      -0.136234437328217     
   5.10765958333333        4.80732666666667      -0.128355659260886     
   5.10765958333333        5.10765958333333      -0.120497777753051     
   5.10765958333333        5.40799250000000      -0.112767419969657     
   5.10765958333333        5.70832541666667      -0.105283960585109     
   5.10765958333333        6.00865833333333      -9.818743534608880E-002
   5.10765958333333        6.30899125000000      -9.158516072801143E-002
   5.10765958333333        6.60932416666667      -8.549636888989282E-002
   5.10765958333333        6.90965708333333      -7.988561337050361E-002
   5.10765958333333        7.20999000000000      -7.459813665697632E-002
   5.40799250000000       2.000000000000000E-003 -0.128769225880264     
   5.40799250000000       0.302332916666667      -0.135842688494490     
   5.40799250000000       0.602665833333333      -0.142025360318796     
   5.40799250000000       0.902998750000000      -0.147224485964338     
   5.40799250000000        1.20333166666667      -0.151486983359692     
   5.40799250000000        1.50366458333333      -0.154788552910206     
   5.40799250000000        1.80399750000000      -0.157071110722443     
   5.40799250000000        2.10433041666667      -0.158303664118150     
   5.40799250000000        2.40466333333333      -0.158385396571226     
   5.40799250000000        2.70499625000000      -0.157227758777411     
   5.40799250000000        3.00532916666667      -0.154791246787224     
   5.40799250000000        3.30566208333333      -0.151095179383243     
   5.40799250000000        3.60599500000000      -0.146233429293091     
   5.40799250000000        3.90632791666667      -0.140390654987705     
   5.40799250000000        4.20666083333333      -0.133834368174851     
   5.40799250000000        4.50699375000000      -0.126870931405993     
   5.40799250000000        4.80732666666667      -0.119779868754819     
   5.40799250000000        5.10765958333333      -0.112767109458877     
   5.40799250000000        5.40799250000000      -0.105963407961183     
   5.40799250000000        5.70832541666667      -9.944744214610649E-002
   5.40799250000000        6.00865833333333      -9.325363353182699E-002
   5.40799250000000        6.30899125000000      -8.740269921699419E-002
   5.40799250000000        6.60932416666667      -8.191476333675618E-002
   5.40799250000000        6.90965708333333      -7.673437589790499E-002
   5.40799250000000        7.20999000000000      -7.178859592771135E-002
   5.70832541666667       2.000000000000000E-003 -0.118038537206923     
   5.70832541666667       0.302332916666667      -0.124026410413001     
   5.70832541666667       0.602665833333333      -0.129658479943498     
   5.70832541666667       0.902998750000000      -0.134568561172617     
   5.70832541666667        1.20333166666667      -0.138537129362017     
   5.70832541666667        1.50366458333333      -0.141545405019168     
   5.70832541666667        1.80399750000000      -0.143623393186655     
   5.70832541666667        2.10433041666667      -0.144795837997601     
   5.70832541666667        2.40466333333333      -0.145009632108571     
   5.70832541666667        2.70499625000000      -0.144171329560798     
   5.70832541666667        3.00532916666667      -0.142213289044883     
   5.70832541666667        3.30566208333333      -0.139115887086797     
   5.70832541666667        3.60599500000000      -0.134924705719263     
   5.70832541666667        3.90632791666667      -0.129777480569891     
   5.70832541666667        4.20666083333333      -0.123924272268892     
   5.70832541666667        4.50699375000000      -0.117693748409365     
   5.70832541666667        4.80732666666667      -0.111403849510448     
   5.70832541666667        5.10765958333333      -0.105283346344592     
   5.70832541666667        5.40799250000000      -9.944724127288812E-002
   5.70832541666667        5.70832541666667      -9.391114449015255E-002
   5.70832541666667        6.00865833333333      -8.863133274332873E-002
   5.70832541666667        6.30899125000000      -8.359436069063365E-002
   5.70832541666667        6.60932416666667      -7.876874895992007E-002
   5.70832541666667        6.90965708333333      -7.410261185614482E-002
   5.70832541666667        7.20999000000000      -6.954871903657818E-002
   6.00865833333333       2.000000000000000E-003 -0.110298630999335     
   6.00865833333333       0.302332916666667      -0.115026673416942     
   6.00865833333333       0.602665833333333      -0.119980423610882     
   6.00865833333333       0.902998750000000      -0.124407812287435     
   6.00865833333333        1.20333166666667      -0.127821740438531     
   6.00865833333333        1.50366458333333      -0.130254655601874     
   6.00865833333333        1.80399750000000      -0.131853374901624     
   6.00865833333333        2.10433041666667      -0.132701867310675     
   6.00865833333333        2.40466333333333      -0.132799077700313     
   6.00865833333333        2.70499625000000      -0.132036604292561     
   6.00865833333333        3.00532916666667      -0.130339751977472     
   6.00865833333333        3.30566208333333      -0.127683201678758     
   6.00865833333333        3.60599500000000      -0.124081199926735     
   6.00865833333333        3.90632791666667      -0.119594546483633     
   6.00865833333333        4.20666083333333      -0.114422501453872     
   6.00865833333333        4.50699375000000      -0.108920928152081     
   6.00865833333333        4.80732666666667      -0.103436014419847     
   6.00865833333333        5.10765958333333      -9.818670697137891E-002
   6.00865833333333        5.40799250000000      -9.325361584842758E-002
   6.00865833333333        5.70832541666667      -8.863163569814941E-002
   6.00865833333333        6.00865833333333      -8.425524683248445E-002
   6.00865833333333        6.30899125000000      -8.004058501187403E-002
   6.00865833333333        6.60932416666667      -7.591480324835889E-002
   6.00865833333333        6.90965708333333      -7.183886263841419E-002
   6.00865833333333        7.20999000000000      -6.775527895206669E-002
   6.30899125000000       2.000000000000000E-003 -0.104215888693900     
   6.30899125000000       0.302332916666667      -0.107664124539836     
   6.30899125000000       0.602665833333333      -0.112197049624154     
   6.30899125000000       0.902998750000000      -0.116119799312247     
   6.30899125000000        1.20333166666667      -0.118730667908529     
   6.30899125000000        1.50366458333333      -0.120340505267827     
   6.30899125000000        1.80399750000000      -0.121271173050440     
   6.30899125000000        2.10433041666667      -0.121641756750115     
   6.30899125000000        2.40466333333333      -0.121465322577670     
   6.30899125000000        2.70499625000000      -0.120627323737564     
   6.30899125000000        3.00532916666667      -0.119056206139413     
   6.30899125000000        3.30566208333333      -0.116785589985548     
   6.30899125000000        3.60599500000000      -0.113821780720791     
   6.30899125000000        3.90632791666667      -0.110095426204419     
   6.30899125000000        4.20666083333333      -0.105662416995066     
   6.30899125000000        4.50699375000000      -0.100856665436811     
   6.30899125000000        4.80732666666667      -9.609853711499851E-002
   6.30899125000000        5.10765958333333      -9.158485178754362E-002
   6.30899125000000        5.40799250000000      -8.740346414032975E-002
   6.30899125000000        5.70832541666667      -8.359558517230443E-002
   6.30899125000000        6.00865833333333      -8.004153482422036E-002
   6.30899125000000        6.30899125000000      -7.658190416802266E-002
   6.30899125000000        6.60932416666667      -7.309955509088384E-002
   6.30899125000000        6.90965708333333      -6.965682763877369E-002
   6.30899125000000        7.20999000000000      -6.620032504281248E-002
   6.60932416666667       2.000000000000000E-003 -9.861796442671522E-002
   6.60932416666667       0.302332916666667      -0.101067924887551     
   6.60932416666667       0.602665833333333      -0.105832213113988     
   6.60932416666667       0.902998750000000      -0.109083998272061     
   6.60932416666667        1.20333166666667      -0.110613240017883     
   6.60932416666667        1.50366458333333      -0.111290108067551     
   6.60932416666667        1.80399750000000      -0.111536542227444     
   6.60932416666667        2.10433041666667      -0.111450419651359     
   6.60932416666667        2.40466333333333      -0.111003967953795     
   6.60932416666667        2.70499625000000      -0.110053180540960     
   6.60932416666667        3.00532916666667      -0.108607473136331     
   6.60932416666667        3.30566208333333      -0.106794411140182     
   6.60932416666667        3.60599500000000      -0.104649617232242     
   6.60932416666667        3.90632791666667      -0.101768235755526     
   6.60932416666667        4.20666083333333      -9.799889976466104E-002
   6.60932416666667        4.50699375000000      -9.370991759845880E-002
   6.60932416666667        4.80732666666667      -8.948921318147032E-002
   6.60932416666667        5.10765958333333      -8.549738648855805E-002
   6.60932416666667        5.40799250000000      -8.191699473505150E-002
   6.60932416666667        5.70832541666667      -7.877142308099500E-002
   6.60932416666667        6.00865833333333      -7.591710090837868E-002
   6.60932416666667        6.30899125000000      -7.310074153896413E-002
   6.60932416666667        6.60932416666667      -7.006447213286669E-002
   6.60932416666667        6.90965708333333      -6.713123805186916E-002
   6.60932416666667        7.20999000000000      -6.461548686769959E-002
   6.90965708333333       2.000000000000000E-003 -9.457861512163351E-002
   6.90965708333333       0.302332916666667      -9.731775897735914E-002
   6.90965708333333       0.602665833333333      -0.100881801651693     
   6.90965708333333       0.902998750000000      -0.102374955653392     
   6.90965708333333        1.20333166666667      -0.102709000932504     
   6.90965708333333        1.50366458333333      -0.102654900600228     
   6.90965708333333        1.80399750000000      -0.102449079697823     
   6.90965708333333        2.10433041666667      -0.102101038150384     
   6.90965708333333        2.40466333333333      -0.101552056533987     
   6.90965708333333        2.70499625000000      -0.100724394595126     
   6.90965708333333        3.00532916666667      -9.970265511597017E-002
   6.90965708333333        3.30566208333333      -9.876528200136760E-002
   6.90965708333333        3.60599500000000      -9.779104182369991E-002
   6.90965708333333        3.90632791666667      -9.525980992429509E-002
   6.90965708333333        4.20666083333333      -9.172339611777179E-002
   6.90965708333333        4.50699375000000      -8.755513686476515E-002
   6.90965708333333        4.80732666666667      -8.352476116766552E-002
   6.90965708333333        5.10765958333333      -7.988898489388289E-002
   6.90965708333333        5.40799250000000      -7.673863236378616E-002
   6.90965708333333        5.70832541666667      -7.410695758822268E-002
   6.90965708333333        6.00865833333333      -7.184247795863327E-002
   6.90965708333333        6.30899125000000      -6.965888081903095E-002
   6.90965708333333        6.60932416666667      -6.713144407211387E-002
   6.90965708333333        6.90965708333333      -6.455302049134985E-002
   6.90965708333333        7.20999000000000      -6.288324779290722E-002
   7.20999000000000       2.000000000000000E-003 -9.226521271950899E-002
   7.20999000000000       0.302332916666667      -9.501355039895519E-002
   7.20999000000000       0.602665833333333      -9.512378635174103E-002
   7.20999000000000       0.902998750000000      -9.480662135742889E-002
   7.20999000000000        1.20333166666667      -9.448526729828621E-002
   7.20999000000000        1.50366458333333      -9.420310678973828E-002
   7.20999000000000        1.80399750000000      -9.391342077179861E-002
   7.20999000000000        2.10433041666667      -9.358228574506884E-002
   7.20999000000000        2.40466333333333      -9.320707584374278E-002
   7.20999000000000        2.70499625000000      -9.285967750916728E-002
   7.20999000000000        3.00532916666667      -9.269256741150469E-002
   7.20999000000000        3.30566208333333      -9.276172765436509E-002
   7.20999000000000        3.60599500000000      -9.250601337318397E-002
   7.20999000000000        3.90632791666667      -8.965861164986068E-002
   7.20999000000000        4.20666083333333      -8.629442451845472E-002
   7.20999000000000        4.50699375000000      -8.202119180389644E-002
   7.20999000000000        4.80732666666667      -7.801355362336404E-002
   7.20999000000000        5.10765958333333      -7.460454835623791E-002
   7.20999000000000        5.40799250000000      -7.179504104211175E-002
   7.20999000000000        5.70832541666667      -6.955458889896099E-002
   7.20999000000000        6.00865833333333      -6.775991724005322E-002
   7.20999000000000        6.30899125000000      -6.620317271535145E-002
   7.20999000000000        6.60932416666667      -6.461644526896318E-002
   7.20999000000000        6.90965708333333      -6.288359278652858E-002
   7.20999000000000        7.20999000000000      -6.047040926622751E-002
